Data/environmental_layers/bio_12.asc
NCOLS 1388 
NROWS 588 
XLLCORNER -124.791663787 
YLLCORNER 24.9166710953946 
CELLSIZE 0.0416666688394528 
NODATA_value -9999 
[rows 156 to 194 of 588, columns 880 to 967 of 1388]
833 837 835 831 832 830 832 828 -9999 -9999 -9999 -9999 -9999 -9999 -9999 -9999 -9999 -9999 -9999 -9999 -9999 -9999 -9999 -9999 -9999 -9999 -9999 -9999 -9999 -9999 -9999 -9999 -9999 -9999 -9999 -9999 -9999 -9999 -9999 -9999 -9999 -9999 -9999 -9999 -9999 867 873 878 878 882 884 887 892 894 893 892 891 895 898 896 896 897 896 890 895 892 886 884 882 877 873 871 869 862 856 850 845 839 832 828 820 815 809 801 798 791 790 785
838 841 836 835 836 837 839 832 -9999 -9999 -9999 -9999 -9999 -9999 -9999 -9999 -9999 -9999 -9999 -9999 -9999 -9999 -9999 -9999 -9999 -9999 -9999 -9999 -9999 -9999 -9999 -9999 -9999 -9999 -9999 -9999 -9999 -9999 -9999 -9999 -9999 -9999 -9999 -9999 -9999 872 881 882 887 891 893 897 897 899 901 905 904 902 903 901 903 900 899 894 892 893 886 883 880 875 875 873 868 864 856 854 847 837 833 826 823 816 809 805 800 793 786 784
843 847 843 840 844 842 845 844 841 -9999 -9999 -9999 -9999 -9999 -9999 -9999 -9999 -9999 -9999 -9999 -9999 -9999 -9999 -9999 -9999 -9999 -9999 -9999 -9999 -9999 -9999 -9999 -9999 -9999 -9999 -9999 -9999 -9999 -9999 -9999 -9999 -9999 -9999 -9999 -9999 879 888 888 891 895 898 899 906 911 912 917 909 909 905 910 908 905 901 894 892 888 884 882 882 876 874 872 868 861 857 853 847 841 839 832 825 819 810 801 796 791 788 786
849 851 847 842 849 849 849 851 848 -9999 -9999 -9999 -9999 -9999 -9999 -9999 -9999 -9999 -9999 -9999 -9999 -9999 -9999 -9999 -9999 -9999 -9999 -9999 -9999 -9999 -9999 -9999 -9999 -9999 -9999 -9999 -9999 -9999 -9999 -9999 -9999 -9999 -9999 -9999 -9999 884 892 896 903 906 904 906 911 913 914 918 916 910 915 916 913 907 903 898 892 889 883 878 876 875 873 869 867 864 859 853 850 845 841 835 829 818 815 804 797 791 787 783
855 853 847 850 851 852 857 854 854 -9999 -9999 -9999 -9999 -9999 -9999 -9999 -9999 -9999 -9999 -9999 -9999 -9999 -9999 -9999 -9999 -9999 -9999 -9999 -9999 -9999 -9999 -9999 -9999 -9999 -9999 -9999 -9999 -9999 -9999 -9999 -9999 -9999 -9999 -9999 -9999 890 900 908 910 911 915 915 918 916 920 917 918 917 917 915 915 910 906 896 897 896 890 882 877 874 869 870 865 861 860 853 852 848 841 837 831 821 813 807 799 791 785 783
860 859 852 857 857 855 859 857 856 -9999 -9999 -9999 -9999 -9999 -9999 -9999 -9999 -9999 -9999 -9999 -9999 -9999 -9999 -9999 -9999 -9999 -9999 -9999 -9999 -9999 -9999 -9999 -9999 -9999 -9999 -9999 -9999 -9999 -9999 -9999 -9999 -9999 -9999 -9999 -9999 894 905 913 919 919 918 922 923 925 925 922 924 922 921 917 915 912 907 897 892 886 882 879 874 876 875 870 863 866 860 858 853 847 842 839 830 822 815 807 799 791 786 782
868 863 860 861 860 859 858 856 -9999 -9999 -9999 -9999 -9999 -9999 -9999 -9999 -9999 -9999 -9999 -9999 -9999 -9999 -9999 -9999 -9999 -9999 -9999 -9999 -9999 -9999 -9999 -9999 -9999 -9999 -9999 -9999 -9999 -9999 -9999 -9999 -9999 -9999 -9999 -9999 -9999 898 906 912 917 918 926 930 933 937 943 939 929 925 922 920 914 913 903 901 896 889 884 876 875 877 875 868 869 867 864 860 853 851 844 839 827 826 817 807 800 793 787 782
874 869 864 867 862 861 860 856 -9999 -9999 -9999 -9999 -9999 -9999 -9999 -9999 -9999 -9999 -9999 -9999 -9999 -9999 -9999 -9999 -9999 -9999 -9999 -9999 -9999 -9999 -9999 -9999 -9999 -9999 -9999 -9999 -9999 -9999 -9999 -9999 -9999 -9999 -9999 -9999 -9999 904 916 920 924 926 931 933 938 942 946 943 934 934 926 927 920 913 904 906 910 896 889 884 881 874 873 877 867 865 863 858 855 851 848 840 831 826 820 810 804 795 792 788
879 874 869 867 865 865 860 855 -9999 -9999 -9999 -9999 -9999 -9999 -9999 -9999 -9999 -9999 -9999 -9999 -9999 -9999 -9999 -9999 -9999 -9999 -9999 -9999 -9999 -9999 -9999 -9999 -9999 -9999 -9999 -9999 -9999 -9999 -9999 -9999 -9999 -9999 -9999 -9999 902 913 919 920 928 932 937 938 940 945 947 944 940 937 935 927 921 911 908 910 910 904 897 891 884 883 883 881 870 872 867 860 856 853 850 839 833 826 820 811 804 801 795 791
886 883 876 875 867 866 866 858 -9999 -9999 -9999 -9999 -9999 -9999 -9999 -9999 -9999 -9999 -9999 -9999 -9999 -9999 -9999 -9999 -9999 -9999 -9999 -9999 -9999 -9999 -9999 -9999 -9999 -9999 -9999 -9999 -9999 -9999 -9999 -9999 -9999 -9999 -9999 -9999 905 913 920 922 929 940 943 946 950 953 949 946 942 936 937 929 922 912 919 916 916 908 902 894 891 890 884 880 877 875 869 862 859 855 848 844 836 828 820 814 809 801 800 801
888 887 880 881 873 872 869 864 862 -9999 -9999 -9999 -9999 -9999 -9999 -9999 -9999 -9999 -9999 -9999 -9999 -9999 -9999 -9999 -9999 -9999 -9999 -9999 -9999 -9999 -9999 -9999 -9999 -9999 -9999 -9999 -9999 -9999 -9999 -9999 -9999 -9999 -9999 -9999 905 917 921 929 933 940 946 951 953 956 954 948 946 939 936 924 920 923 921 919 914 909 903 903 897 891 887 880 878 873 869 866 858 853 852 845 838 831 823 818 813 807 802 803
892 889 885 879 875 875 872 865 -9999 -9999 -9999 -9999 -9999 -9999 -9999 -9999 -9999 -9999 -9999 -9999 -9999 -9999 -9999 -9999 -9999 -9999 -9999 -9999 -9999 -9999 -9999 -9999 -9999 -9999 -9999 -9999 -9999 -9999 -9999 -9999 -9999 -9999 -9999 -9999 909 917 922 930 938 942 953 956 960 959 958 948 945 937 929 924 922 923 927 919 917 914 906 903 898 893 886 882 878 872 868 863 860 857 852 848 840 835 828 820 816 810 806 803
892 890 885 884 880 875 872 868 -9999 -9999 -9999 -9999 -9999 -9999 -9999 -9999 -9999 -9999 -9999 -9999 -9999 -9999 -9999 -9999 -9999 -9999 -9999 -9999 -9999 -9999 -9999 -9999 -9999 -9999 -9999 -9999 -9999 -9999 -9999 -9999 -9999 -9999 -9999 907 916 921 923 935 942 947 954 960 963 961 957 955 942 938 933 933 923 919 924 919 914 912 907 905 897 893 890 888 880 873 872 867 865 860 859 854 845 839 832 823 823 813 808 802
893 892 890 889 884 880 877 870 -9999 -9999 -9999 -9999 -9999 -9999 -9999 -9999 -9999 -9999 -9999 -9999 -9999 -9999 -9999 -9999 -9999 -9999 -9999 -9999 -9999 -9999 -9999 -9999 -9999 -9999 -9999 -9999 -9999 -9999 -9999 -9999 -9999 -9999 -9999 914 921 926 929 937 945 950 955 965 965 962 958 952 940 938 934 935 925 914 920 917 916 913 906 901 895 892 892 882 884 881 877 872 868 863 859 853 849 840 839 832 827 818 813 809
896 898 897 888 883 883 881 877 -9999 -9999 -9999 -9999 -9999 -9999 -9999 -9999 -9999 -9999 -9999 -9999 -9999 -9999 -9999 -9999 -9999 -9999 -9999 -9999 -9999 -9999 -9999 -9999 -9999 -9999 -9999 -9999 -9999 -9999 -9999 -9999 -9999 -9999 919 923 925 929 934 938 944 954 953 960 960 957 952 945 941 944 940 932 920 915 917 914 911 906 901 903 903 898 891 885 885 881 880 873 872 865 862 858 855 851 843 834 832 822 816 813
901 900 896 891 887 888 888 878 -9999 -9999 -9999 -9999 -9999 -9999 -9999 -9999 -9999 -9999 -9999 -9999 -9999 -9999 -9999 -9999 -9999 -9999 -9999 -9999 -9999 -9999 -9999 -9999 -9999 -9999 -9999 -9999 -9999 -9999 -9999 -9999 -9999 -9999 923 929 934 934 935 941 948 954 956 954 953 950 946 943 945 945 938 929 921 912 909 908 908 909 913 911 908 900 893 891 888 882 878 874 872 868 868 862 860 855 847 840 836 828 821 816
908 905 897 895 890 891 891 887 -9999 -9999 -9999 -9999 -9999 -9999 -9999 -9999 -9999 -9999 -9999 -9999 -9999 -9999 -9999 -9999 -9999 -9999 -9999 -9999 -9999 -9999 -9999 -9999 -9999 -9999 -9999 -9999 -9999 -9999 -9999 -9999 -9999 927 932 935 935 937 941 945 947 952 951 955 953 950 948 947 942 941 935 927 922 915 912 910 909 911 910 907 906 901 897 894 888 888 882 880 876 874 871 869 864 860 855 848 843 836 830 825
908 905 904 896 893 894 895 894 888 -9999 -9999 -9999 -9999 -9999 -9999 -9999 -9999 -9999 -9999 -9999 -9999 -9999 -9999 -9999 -9999 -9999 -9999 -9999 -9999 -9999 -9999 -9999 -9999 -9999 -9999 -9999 -9999 -9999 -9999 -9999 932 937 936 937 938 938 943 946 953 953 956 956 951 948 945 945 943 941 931 926 918 916 914 910 910 909 908 906 906 902 897 893 888 887 884 882 880 879 876 874 868 866 864 855 852 843 840 836
913 909 904 899 899 898 900 900 899 894 -9999 -9999 -9999 -9999 -9999 -9999 -9999 -9999 -9999 -9999 -9999 -9999 -9999 -9999 -9999 -9999 -9999 -9999 -9999 -9999 -9999 -9999 -9999 -9999 -9999 -9999 -9999 -9999 -9999 938 942 941 942 945 944 946 946 954 954 953 954 952 950 945 947 949 944 937 931 924 918 914 912 908 911 910 907 904 902 896 895 893 893 889 890 885 883 881 878 875 874 873 868 865 864 855 850 849
915 909 906 906 903 902 904 902 902 900 897 -9999 -9999 -9999 -9999 -9999 -9999 -9999 -9999 -9999 -9999 -9999 -9999 -9999 -9999 -9999 -9999 -9999 -9999 -9999 -9999 -9999 -9999 -9999 -9999 -9999 -9999 -9999 941 943 945 946 946 946 950 950 955 957 956 957 955 950 946 951 950 946 940 933 928 921 916 913 910 906 907 907 907 906 899 898 896 893 891 891 887 886 886 884 884 881 879 880 875 876 874 869 865 854
915 911 909 910 908 905 907 908 907 906 902 902 -9999 -9999 -9999 -9999 -9999 -9999 -9999 -9999 -9999 -9999 -9999 -9999 -9999 -9999 -9999 -9999 -9999 -9999 -9999 -9999 -9999 -9999 -9999 -9999 -9999 -9999 946 950 948 949 950 953 951 954 957 956 958 955 956 957 955 952 946 944 935 930 925 918 915 910 908 909 906 907 907 902 900 898 895 894 895 893 890 891 887 889 890 886 885 884 883 881 880 878 871 868
921 916 915 913 911 910 911 910 909 908 907 903 -9999 -9999 -9999 -9999 -9999 -9999 -9999 -9999 -9999 -9999 -9999 -9999 -9999 -9999 -9999 -9999 -9999 -9999 -9999 -9999 -9999 -9999 -9999 -9999 -9999 950 954 954 955 952 955 952 951 957 958 958 957 957 962 958 955 953 947 940 931 927 920 916 911 909 908 907 904 905 904 903 902 898 898 897 896 894 891 892 892 892 893 893 892 890 895 891 891 889 883 875
925 921 916 919 917 914 914 912 909 911 909 907 -9999 -9999 -9999 -9999 -9999 -9999 -9999 -9999 -9999 -9999 -9999 -9999 -9999 -9999 -9999 -9999 -9999 -9999 -9999 -9999 -9999 -9999 -9999 -9999 -9999 955 959 959 960 957 957 957 960 961 961 962 964 964 963 962 958 953 945 939 937 931 921 913 907 909 907 904 904 904 902 902 902 899 900 900 898 895 894 893 894 895 897 895 899 899 904 902 899 896 892 889
926 922 921 920 918 916 916 917 915 913 912 913 -9999 -9999 -9999 -9999 -9999 -9999 -9999 -9999 -9999 -9999 -9999 -9999 -9999 -9999 -9999 -9999 -9999 -9999 -9999 -9999 -9999 -9999 -9999 -9999 960 964 965 962 970 970 965 963 968 964 963 965 966 965 962 960 954 950 949 945 935 927 920 910 908 907 906 905 905 905 903 904 902 902 901 901 900 897 895 896 897 898 898 899 902 909 906 909 906 899 895 893
929 927 925 922 923 920 919 920 919 917 917 918 913 -9999 -9999 -9999 -9999 -9999 -9999 -9999 -9999 -9999 -9999 -9999 -9999 -9999 -9999 -9999 -9999 -9999 -9999 -9999 -9999 -9999 -9999 964 969 970 969 969 971 976 973 973 974 971 971 970 967 965 965 958 951 948 945 941 934 925 923 911 908 907 910 907 906 908 906 906 903 902 901 900 901 905 905 903 900 901 906 904 908 913 910 913 908 902 900 894
930 931 928 928 926 924 922 920 921 921 922 921 918 -9999 -9999 -9999 -9999 -9999 -9999 -9999 -9999 -9999 -9999 -9999 -9999 -9999 -9999 -9999 -9999 -9999 -9999 -9999 -9999 -9999 968 975 975 976 974 977 979 980 976 978 978 976 979 970 971 969 961 957 954 948 943 941 931 924 917 911 911 908 914 914 914 908 908 904 906 904 903 905 904 906 903 902 903 905 906 907 911 916 910 910 907 900 896 891
932 931 934 934 930 929 923 923 923 923 923 926 926 926 -9999 -9999 -9999 -9999 -9999 -9999 -9999 -9999 -9999 -9999 -9999 -9999 -9999 -9999 -9999 -9999 -9999 -9999 969 971 977 977 980 976 976 980 983 982 986 985 982 978 977 977 971 967 961 956 955 948 940 937 931 921 919 916 914 911 912 913 915 914 913 908 907 908 909 906 906 904 905 905 906 904 907 906 910 909 907 903 902 897 895 887
936 932 935 938 934 932 927 928 929 926 927 929 931 931 -9999 -9999 -9999 -9999 -9999 -9999 -9999 -9999 -9999 -9999 -9999 -9999 -9999 -9999 -9999 -9999 966 974 981 985 985 984 984 985 987 989 984 982 989 984 980 980 980 974 969 964 961 954 950 942 936 931 927 924 920 918 916 913 914 914 912 912 911 912 912 911 911 912 907 908 908 908 909 912 909 906 904 907 905 899 898 893 888 879
933 934 937 935 937 930 935 931 931 931 933 932 933 934 931 -9999 -9999 -9999 -9999 -9999 -9999 -9999 -9999 -9999 -9999 -9999 -9999 -9999 963 968 979 984 988 990 992 997 998 996 994 989 985 986 986 983 978 978 978 970 968 963 957 951 948 940 933 932 929 926 926 926 921 919 917 916 917 917 914 914 914 912 912 908 910 910 908 910 912 909 908 909 903 900 898 896 893 887 883 877
934 934 934 936 936 936 934 933 933 933 938 938 935 935 936 934 933 -9999 -9999 -9999 -9999 -9999 -9999 -9999 -9999 953 956 964 973 976 981 988 996 1002 1007 1008 1006 1003 999 990 986 983 983 982 976 976 973 969 966 961 955 950 946 938 937 938 938 933 929 926 927 925 921 919 918 917 917 916 916 915 913 916 916 913 912 916 914 910 908 906 900 898 894 889 886 882 877 878
934 928 939 940 940 942 939 940 937 935 935 937 938 937 938 937 938 935 936 -9999 -9999 -9999 940 945 954 959 965 971 973 979 991 1006 1013 1015 1011 1006 1005 998 997 988 986 983 980 979 980 980 974 969 965 961 958 955 945 944 941 936 936 935 933 929 928 929 927 926 923 922 923 919 917 918 915 915 915 916 917 915 911 909 905 900 899 895 890 888 884 879 878 877
934 929 939 946 946 943 942 944 943 943 938 940 940 943 942 941 942 941 939 939 941 942 945 950 955 962 965 971 978 988 1001 1007 1010 1017 1011 1007 999 998 991 987 984 983 983 985 983 982 981 977 971 968 960 956 950 943 941 938 936 937 939 933 933 930 930 930 927 929 927 925 922 921 918 920 917 912 914 910 910 909 904 898 894 892 886 884 879 879 874 872
934 932 939 942 946 945 948 947 948 948 947 944 945 944 945 947 944 943 942 941 943 945 950 953 958 962 975 984 989 992 998 1002 1006 1008 1007 1003 999 992 991 986 986 984 984 989 985 982 980 978 972 968 964 962 955 950 941 938 939 943 942 938 936 934 935 934 928 926 929 927 926 920 918 916 917 914 911 911 906 901 901 894 889 886 884 882 880 878 873 866
934 931 935 941 944 948 949 949 952 952 952 951 949 949 949 951 952 949 950 946 946 949 951 957 963 978 984 982 985 989 992 996 999 1002 1002 998 993 991 985 986 985 984 985 988 984 981 980 975 974 971 970 966 962 955 948 945 944 946 943 942 942 941 939 932 931 930 931 927 925 925 919 918 913 914 911 906 903 896 894 891 887 882 883 882 878 872 868 865
935 938 940 943 950 953 956 955 956 958 956 958 957 956 956 957 956 957 955 954 954 955 958 961 966 976 980 977 981 984 988 990 991 993 995 994 990 986 986 985 983 982 983 987 984 981 978 976 975 977 972 971 967 961 956 955 951 950 947 948 944 946 937 938 934 931 931 929 926 926 923 917 913 907 905 904 899 895 891 887 885 881 882 877 873 869 864 862
935 937 942 945 950 952 957 959 961 963 963 965 962 963 965 964 965 964 963 960 959 961 968 968 970 969 973 972 973 976 983 985 986 986 986 986 986 984 983 984 982 984 986 985 983 978 978 979 978 977 975 975 972 966 963 961 960 958 954 951 951 946 941 940 939 939 933 930 930 926 922 917 911 907 902 900 895 891 887 884 882 880 880 874 871 866 862 864
936 941 942 945 951 954 958 963 964 966 968 969 968 967 968 971 972 973 971 968 964 970 969 967 965 964 969 970 971 973 975 978 979 981 982 982 982 982 983 982 983 986 982 982 981 979 979 978 978 977 978 977 974 973 971 971 970 963 959 959 958 950 948 944 942 940 938 937 933 929 920 912 909 904 898 896 891 888 884 883 880 879 874 873 866 865 863 862
938 941 942 947 951 957 961 963 964 968 968 968 970 971 973 977 975 975 974 971 965 966 966 964 961 960 964 965 966 969 971 973 974 979 979 979 979 980 981 982 981 983 982 980 980 980 977 980 982 981 982 983 983 984 981 979 977 975 969 965 959 956 951 948 943 943 940 936 934 926 918 911 906 900 897 894 890 886 881 882 879 875 873 867 865 864 863 863
934 939 940 945 951 957 959 964 965 966 968 969 973 974 977 978 980 980 977 974 970 966 963 961 957 960 961 963 968 966 969 971 972 975 975 977 976 977 978 978 979 980 978 979 980 981 981 983 983 983 985 986 990 993 990 986 979 974 971 966 963 961 955 951 947 948 942 934 930 924 918 909 906 899 895 893 886 884 883 880 876 870 867 865 865 865 864 866
