Data/environmental_layers/bio_2.asc
NCOLS 1388 
NROWS 588 
XLLCORNER -124.791663787 
YLLCORNER 24.9166710953946 
CELLSIZE 0.0416666688394528 
NODATA_value -9999 
[rows 200 to 239 of 588, columns 182 to 272 of 1388]
176 176 176 175 175 175 174 169 162 164 168 170 168 165 167 168 165 164 162 161 157 153 152 153 159 162 164 160 158 160 164 166 167 166 163 162 169 174 177 178 180 176 179 183 183 185 185 183 179 171 163 167 166 171 169 165 162 164 167 167 166 164 161 161 162 161 160 159 159 158 157 155 151 150 153 152 151 143 141 140 140 140 141 140 139 140 139 139 139 139 139
176 176 176 176 176 175 173 167 161 167 170 172 171 170 170 168 165 162 163 164 160 155 155 157 161 164 160 157 159 162 165 164 165 163 161 163 170 175 177 178 179 177 180 182 183 183 183 179 171 160 152 162 168 171 168 165 160 161 165 166 165 164 160 159 161 161 160 159 158 158 156 152 149 150 153 151 149 141 139 139 139 139 139 139 139 139 139 139 139 139 138
176 176 176 176 176 175 172 167 167 170 172 173 172 171 170 168 165 165 167 165 163 156 158 161 163 163 157 155 159 165 163 161 163 162 163 167 173 176 177 178 178 178 180 180 180 180 178 171 164 156 152 163 169 170 168 166 161 161 165 166 165 163 159 158 160 160 159 159 158 157 155 151 147 149 154 149 142 139 138 138 139 144 143 140 139 138 138 138 138 138 138
176 176 176 176 176 176 174 173 172 171 172 173 172 166 168 167 163 168 168 166 160 155 159 163 164 161 158 155 159 164 163 161 160 160 165 171 175 176 176 177 178 178 179 179 178 178 171 162 157 151 152 164 170 170 168 166 164 164 165 165 164 163 157 158 161 159 159 158 157 157 154 148 145 144 147 140 137 137 137 137 140 147 144 141 137 137 137 138 138 138 138
176 176 177 177 177 176 176 175 172 170 171 170 171 160 165 164 167 172 171 171 162 155 162 164 165 163 161 159 162 164 161 160 162 166 169 173 174 166 167 174 177 177 177 178 177 175 166 159 155 151 152 163 169 169 168 167 166 166 165 164 164 163 158 160 160 159 158 157 157 157 153 147 143 140 139 137 136 135 135 136 140 141 136 136 136 137 137 137 137 138 138
177 177 177 177 177 177 177 175 171 170 169 169 168 166 168 169 174 174 173 173 166 157 163 166 163 162 165 164 166 164 162 161 166 170 172 174 170 169 172 174 175 175 175 175 174 172 164 161 160 157 156 160 168 168 167 167 166 166 165 164 163 162 160 160 160 159 158 157 157 157 155 147 142 139 138 136 135 135 139 137 134 135 135 136 136 137 137 137 137 138 137
176 177 177 177 178 177 177 172 164 165 166 165 164 164 174 175 175 175 174 173 167 160 160 162 162 165 167 167 166 164 161 165 171 173 172 170 169 172 172 172 173 173 173 172 170 165 156 158 160 159 157 160 167 167 167 166 165 165 164 164 163 162 160 161 159 159 158 157 156 157 156 149 144 141 148 145 139 140 137 135 134 134 135 136 136 137 137 137 137 137 137
174 176 177 178 178 178 177 173 159 161 161 162 164 174 177 176 176 175 174 173 164 157 153 159 164 168 168 169 167 163 167 171 171 170 165 166 171 172 171 170 170 170 170 166 161 155 151 155 159 160 158 161 166 166 166 166 164 163 164 163 163 162 160 160 160 159 158 157 156 158 157 153 147 143 146 148 139 132 132 132 134 134 135 136 136 137 137 137 138 138 138
172 174 175 177 178 178 178 176 164 158 162 171 177 177 177 176 176 175 173 170 158 153 151 158 165 168 169 169 168 165 169 165 167 166 166 169 170 170 170 168 168 167 164 159 156 151 152 159 161 160 157 161 165 166 165 165 164 162 163 163 162 162 161 161 160 159 158 157 157 158 157 157 148 141 138 133 130 131 132 133 134 135 136 136 137 137 137 138 138 138 138
168 162 166 175 178 178 179 179 176 174 177 178 178 178 175 172 174 175 169 167 158 153 153 158 163 167 166 163 161 164 162 158 167 167 169 169 169 169 168 167 164 159 153 152 150 149 158 161 161 161 159 162 164 165 164 164 164 161 163 163 162 161 159 160 160 159 158 158 158 158 158 156 149 141 136 133 131 132 133 134 135 136 136 137 137 138 138 138 138 138 138
160 159 159 169 176 179 179 179 179 179 177 169 166 162 161 164 174 177 172 168 161 156 154 155 160 163 158 156 155 156 159 163 166 166 168 169 168 167 166 162 153 149 151 149 148 153 160 162 162 161 160 162 161 163 164 164 162 160 163 162 162 160 157 160 160 160 159 158 158 159 158 157 151 144 140 136 134 134 135 135 136 137 137 138 138 139 139 139 139 139 139
157 157 159 167 173 178 179 179 179 179 176 163 157 163 172 174 177 177 173 170 167 163 160 160 166 161 158 154 154 157 161 165 166 166 164 167 167 165 163 160 154 149 147 146 150 157 162 162 162 162 161 161 160 162 163 162 158 158 160 162 161 158 159 161 161 160 160 159 159 159 159 158 154 146 141 138 137 137 137 138 138 138 139 139 139 139 140 140 140 140 139
166 164 166 173 177 178 179 179 179 178 177 169 163 170 173 170 172 175 174 173 170 167 164 159 157 165 160 157 155 158 162 164 162 163 162 166 165 165 164 162 158 153 149 147 155 161 162 162 162 162 161 160 159 161 161 160 157 154 159 160 159 160 162 162 161 161 160 160 160 158 160 159 154 148 144 141 140 140 140 140 140 140 140 140 141 141 141 141 141 141 140
174 172 171 177 178 178 178 178 178 177 175 168 162 166 167 171 174 175 173 170 162 158 160 155 154 163 161 153 150 154 160 159 160 161 163 166 166 165 163 158 151 149 148 150 158 163 163 162 162 162 162 160 159 162 162 160 155 156 159 159 160 162 163 163 162 162 161 161 161 159 159 160 158 152 148 145 143 143 142 142 142 142 142 142 142 142 142 142 142 142 141
177 177 177 178 178 178 177 174 167 165 164 163 155 160 170 174 175 174 172 167 158 158 164 155 156 164 163 157 152 154 156 156 158 157 163 166 166 165 162 155 149 146 150 155 161 163 163 163 162 162 162 161 162 162 162 161 160 160 161 162 162 163 164 163 163 163 162 162 162 159 160 162 161 158 154 151 147 146 145 145 145 145 144 144 144 144 143 143 143 142 142
177 177 177 177 176 175 170 159 154 159 157 155 157 165 172 174 175 171 165 165 166 167 161 154 159 165 164 159 154 151 153 154 157 159 164 165 166 165 162 156 151 148 154 161 163 163 163 163 162 162 162 162 162 163 163 163 162 162 163 163 164 164 164 164 164 164 164 163 163 163 159 163 163 161 159 155 150 148 148 147 147 146 146 146 146 145 145 144 144 144 143
175 177 177 176 175 171 161 151 149 156 154 156 163 169 172 174 174 173 172 171 169 165 156 155 161 164 164 156 153 149 152 155 158 161 163 165 164 164 159 154 149 149 159 163 163 163 163 163 162 162 162 161 162 163 163 162 162 163 164 165 165 165 164 163 164 165 165 165 165 165 162 165 165 163 160 157 153 152 151 150 149 149 148 148 147 147 146 146 145 145 144
176 177 177 176 173 168 157 151 151 158 159 159 166 171 173 174 173 172 171 166 157 151 151 156 161 165 163 158 155 151 154 157 160 162 163 164 163 162 160 156 153 154 162 163 163 163 163 162 162 161 162 162 160 163 161 161 162 163 164 165 165 165 164 161 164 166 166 166 166 166 166 167 166 164 162 160 157 155 154 153 152 151 151 150 149 149 148 147 147 146 146
174 176 176 174 169 163 157 154 151 158 161 163 167 172 173 173 173 171 164 153 150 150 154 159 162 164 163 160 154 151 154 157 160 162 163 164 163 161 159 157 155 157 162 163 163 163 161 159 159 160 161 162 163 163 159 160 162 164 165 166 166 166 165 161 164 165 167 168 168 168 166 167 169 168 167 165 164 162 159 157 155 154 153 152 151 150 149 149 148 147 147
172 174 176 173 166 158 155 160 159 162 162 167 170 173 173 172 167 160 154 149 151 155 159 161 163 164 163 160 154 152 151 156 160 163 163 163 162 160 155 152 152 160 163 163 163 162 160 159 157 156 158 163 163 162 157 157 161 165 166 166 166 166 166 165 166 167 168 169 169 169 166 169 171 171 171 171 170 167 166 163 159 156 155 154 153 152 151 150 149 148 148
168 173 175 171 163 160 160 165 165 168 166 170 172 173 172 166 154 154 153 150 156 159 161 162 163 164 162 158 155 155 153 157 160 162 163 162 161 159 155 149 150 162 163 161 161 161 161 159 157 154 157 161 163 162 159 157 161 165 166 167 167 166 166 166 167 167 169 169 171 171 171 170 172 173 173 173 174 171 171 171 167 164 157 156 155 153 152 151 151 149 149
173 174 175 171 162 158 161 168 170 170 171 171 171 169 163 152 151 154 155 155 158 161 162 163 163 161 158 152 152 157 158 158 158 161 161 162 160 158 153 147 152 163 162 160 157 158 160 160 159 159 159 160 163 163 160 156 161 164 166 167 168 168 167 168 168 167 168 169 171 172 173 171 172 174 176 176 177 176 175 173 171 169 162 158 156 155 154 153 151 150 149
175 175 174 169 157 158 163 169 170 166 168 166 164 158 157 149 151 157 160 160 161 162 162 161 161 158 155 150 155 159 160 160 158 160 161 161 159 156 152 150 160 163 163 161 157 157 159 161 160 161 162 163 164 164 162 157 160 161 166 168 168 169 169 170 169 169 169 170 169 174 175 174 175 177 179 180 179 179 179 173 173 173 169 162 158 156 155 153 153 151 151
175 174 172 163 154 162 168 169 163 165 164 160 157 159 162 154 155 159 161 162 162 161 161 160 160 156 154 151 157 160 160 161 159 159 162 161 159 156 150 153 162 163 163 162 160 157 159 161 162 162 163 164 165 164 163 156 155 158 166 169 169 170 170 170 170 169 168 169 172 175 176 176 175 179 181 182 183 183 181 174 174 172 171 163 160 158 156 155 153 152 151
174 172 167 159 160 169 170 163 157 160 159 152 153 162 163 160 159 159 158 158 158 159 160 160 158 155 154 151 159 160 160 160 155 155 161 161 160 157 153 156 162 163 163 162 160 158 160 162 162 162 164 165 165 165 164 156 157 162 168 169 170 170 170 169 170 169 168 170 173 176 177 175 173 177 182 184 186 187 183 170 173 175 173 165 161 159 157 155 154 153 152
173 169 162 161 169 170 169 165 160 158 157 153 154 162 163 161 156 152 151 155 158 159 160 159 158 156 153 153 159 160 160 159 151 153 160 161 160 159 157 158 160 162 163 161 158 160 162 162 161 161 164 165 165 165 164 158 160 166 169 170 170 170 166 166 169 167 165 168 172 176 178 176 176 178 182 185 187 188 182 167 171 178 173 166 162 160 158 157 155 154 153
171 168 163 168 170 169 168 165 160 159 160 159 159 163 163 161 155 150 154 157 158 158 158 157 157 156 152 157 160 160 160 160 152 151 158 161 161 159 157 154 156 160 161 158 158 161 164 162 160 162 165 165 166 165 163 155 164 168 170 170 170 168 160 165 169 168 164 162 170 177 179 180 180 181 184 186 186 186 180 164 167 178 173 166 163 161 159 157 156 154 153
166 169 167 169 168 167 166 163 156 159 162 162 163 163 162 159 155 151 154 156 154 153 153 152 155 155 153 159 160 160 160 160 156 151 157 160 160 159 157 153 155 159 157 160 162 164 163 162 163 165 166 166 165 164 161 160 167 169 170 170 170 166 163 168 170 169 165 164 171 178 180 181 182 183 184 184 184 184 174 157 159 174 174 166 163 162 160 158 156 155 153
167 167 169 166 164 165 164 159 154 158 161 163 163 163 162 153 152 152 152 153 149 147 149 151 154 154 153 159 160 160 160 160 157 151 155 159 160 160 159 156 156 159 161 163 164 164 160 163 165 166 166 165 162 164 164 167 169 170 170 170 166 163 168 170 170 168 162 164 176 180 181 181 182 182 183 182 182 180 171 158 163 177 174 167 165 163 161 159 157 155 155
162 162 168 164 163 161 157 156 153 157 161 163 163 163 162 153 151 154 152 151 148 147 148 150 153 153 154 158 160 160 160 160 156 150 154 161 162 162 162 159 158 160 163 164 165 163 159 164 166 166 166 164 160 165 166 168 170 170 170 170 166 161 168 171 170 167 165 172 178 180 181 181 179 179 178 179 178 175 161 149 165 177 175 170 166 164 162 160 158 157 163
157 161 168 162 158 155 153 151 152 155 160 163 163 162 157 150 152 154 153 150 148 150 150 150 151 154 156 159 159 159 160 160 156 150 156 162 162 163 162 158 159 160 164 165 165 165 163 166 167 167 166 163 160 165 166 165 169 170 170 170 167 164 168 171 170 167 170 176 179 180 180 179 176 171 170 169 171 167 151 159 168 179 176 172 168 166 164 162 161 163 165
165 168 165 160 156 153 152 150 152 154 159 163 163 160 152 150 154 155 155 152 151 153 153 153 152 154 156 159 159 159 160 160 156 152 160 162 163 161 160 158 159 162 165 166 166 166 163 166 167 167 166 163 163 166 166 164 166 170 170 170 168 162 167 171 171 170 175 177 179 180 178 175 172 171 169 162 164 156 155 166 179 179 175 172 170 169 168 166 164 166 165
168 167 163 159 155 150 148 153 156 159 161 162 162 155 151 151 156 156 156 156 155 156 155 154 155 153 156 159 159 159 160 160 155 154 160 162 163 157 156 159 162 164 165 166 167 163 158 165 167 168 167 164 167 167 163 161 162 170 171 170 168 161 164 171 173 173 175 177 179 178 171 165 170 174 174 169 162 158 164 177 181 178 175 173 171 171 171 168 166 168 166
168 165 162 158 154 150 150 155 158 161 160 161 158 154 151 155 157 158 157 157 157 157 157 156 156 155 156 158 159 159 159 159 154 153 161 163 163 156 156 159 162 165 166 167 167 162 160 165 167 169 169 169 169 166 160 158 165 170 171 170 167 162 164 171 174 175 175 175 176 176 172 167 166 169 174 178 175 175 179 182 180 178 176 174 173 173 172 169 167 168 166
168 166 161 155 153 152 152 155 158 159 157 156 152 152 152 157 158 158 158 158 158 158 157 157 157 156 153 157 159 159 159 157 154 154 162 163 163 157 158 160 163 166 167 167 167 164 161 165 167 169 170 170 169 166 162 164 168 170 170 170 166 161 166 170 174 176 176 176 174 176 175 173 171 168 167 175 181 180 183 182 180 179 178 176 175 174 173 171 168 167 168
167 166 162 155 154 152 153 154 156 156 153 151 151 153 155 158 159 159 159 159 159 159 156 157 158 158 155 156 159 159 158 156 154 151 160 164 164 163 164 164 164 166 167 168 168 167 166 166 168 170 170 170 170 167 167 169 170 170 170 169 165 161 165 170 175 176 177 178 177 177 176 175 175 175 175 175 180 182 182 181 180 179 177 177 176 175 173 172 170 167 166
164 167 163 154 154 154 155 155 156 154 150 150 154 157 158 159 159 159 159 159 160 159 158 158 157 156 156 157 158 157 157 155 153 153 161 164 164 165 165 165 163 166 167 168 168 168 167 167 169 170 171 171 171 167 169 171 171 171 170 169 164 162 166 170 175 177 177 178 178 177 176 174 175 177 178 179 182 182 182 181 180 179 177 176 176 175 173 172 170 168 166
168 167 164 156 155 156 155 156 157 155 153 156 159 159 160 160 160 160 159 160 160 160 159 159 156 153 153 154 156 155 154 155 155 156 163 164 165 166 166 166 165 166 167 168 169 168 167 166 166 169 172 172 171 167 170 172 171 170 169 169 169 166 158 169 176 177 178 179 177 171 171 172 175 176 180 181 182 182 181 181 180 179 178 176 177 175 173 171 170 169 168
169 168 162 155 155 155 157 160 161 157 155 159 160 160 160 160 159 159 158 159 160 160 160 159 156 154 154 154 154 154 154 155 157 161 163 164 165 166 166 166 165 165 167 166 168 168 169 169 168 171 171 169 169 168 168 172 171 170 169 169 169 167 159 168 175 177 178 179 176 166 164 171 174 177 180 181 181 182 181 181 180 179 177 176 177 175 174 172 171 170 170
169 168 160 155 154 156 159 163 165 160 160 159 161 160 160 159 157 156 156 158 160 160 160 160 157 154 154 154 152 153 155 155 158 162 164 164 164 166 166 166 166 165 165 166 168 170 172 172 172 172 169 166 165 171 168 171 170 171 169 169 170 164 152 165 175 178 178 179 177 169 161 169 173 176 180 181 181 181 181 180 180 179 178 175 177 176 174 173 172 171 171
