Data/environmental_layers/bio_8.asc
NCOLS 1388 
NROWS 588 
XLLCORNER -124.791663787 
YLLCORNER 24.9166710953946 
CELLSIZE 0.0416666688394528 
NODATA_value -9999 
[rows 287 to 327 of 588, columns 558 to 650 of 1388]
223 223 223 222 223 224 224 224 224 225 224 224 224 223 223 223 223 223 224 224 223 222 222 222 222 222 222 222 222 223 223 224 224 223 222 223 223 224 223 223 224 225 225 225 225 225 227 227 227 229 229 228 229 229 230 231 232 232 233 233 233 232 232 231 230 230 230 231 231 230 230 229 229 229 230 231 231 232 233 234 235 235 236 236 236 237 237 237 236 236 236 236 236
223 223 223 223 224 224 223 224 224 225 225 225 225 224 224 224 224 224 224 224 224 223 223 223 223 222 222 223 223 224 225 225 224 223 223 223 223 223 223 223 224 225 226 226 227 227 228 229 230 230 230 230 230 230 230 230 230 231 231 233 233 233 234 233 232 232 231 230 230 231 231 230 229 230 230 231 231 232 233 233 233 233 234 235 235 236 238 238 238 237 236 236 236
223 223 224 223 223 224 224 224 224 224 224 225 226 225 225 225 225 225 225 225 224 224 224 223 223 223 223 223 224 225 226 225 225 224 224 224 223 223 223 223 223 224 227 228 229 229 229 230 230 232 232 230 231 230 231 231 231 231 231 231 232 233 233 234 234 234 233 232 232 231 231 231 229 230 230 231 231 232 233 233 233 233 234 235 235 236 237 238 238 238 237 237 236
224 224 223 223 224 224 224 224 224 224 225 225 227 227 226 225 225 225 225 225 225 224 224 224 224 223 223 224 225 226 226 225 225 225 226 226 225 224 224 225 226 225 226 228 230 231 231 232 232 233 232 231 231 231 230 231 232 232 233 233 231 231 232 232 232 233 234 233 233 233 232 232 231 231 231 232 233 233 233 234 235 235 235 236 237 237 238 238 238 238 238 238 237
224 223 223 224 223 223 224 224 225 225 225 226 226 227 228 227 226 226 226 225 225 224 224 224 224 224 225 226 226 226 225 226 226 227 227 227 227 227 226 227 227 228 227 227 229 230 232 233 234 234 232 232 232 232 232 232 231 231 232 233 233 232 231 230 232 233 232 232 233 233 233 233 232 233 233 234 235 235 234 235 236 236 236 236 237 238 238 238 239 238 239 238 238
224 223 224 224 223 224 224 225 225 225 226 226 226 227 228 229 228 227 226 226 225 225 225 225 225 225 225 227 227 226 226 226 227 228 229 230 229 228 228 229 228 230 230 230 231 232 232 234 234 235 235 234 234 232 233 233 233 232 233 233 235 234 232 231 231 231 231 232 233 232 233 234 233 233 234 235 236 236 236 236 236 237 237 237 237 238 238 238 239 238 238 239 239
224 224 224 224 224 224 225 226 226 226 227 226 227 227 228 228 229 229 227 227 226 225 226 226 225 226 228 229 227 227 228 228 230 230 231 232 231 231 231 231 231 231 231 231 232 233 234 235 235 236 236 235 234 233 233 235 234 234 234 235 235 235 232 232 233 232 231 232 233 234 234 235 234 233 233 236 237 237 237 237 237 237 238 238 238 238 239 238 238 238 239 238 238
224 224 224 224 224 224 225 226 225 226 226 226 227 227 227 228 228 230 230 229 227 226 227 226 226 227 229 230 228 228 228 228 229 230 231 232 233 233 233 233 233 232 233 233 233 234 234 236 236 237 236 235 234 235 234 235 236 236 236 236 236 236 235 234 235 233 233 234 235 235 234 236 236 235 235 237 237 238 238 238 237 237 238 239 239 239 239 239 238 238 239 239 239
223 223 223 224 224 224 225 225 225 225 226 226 227 228 228 228 228 228 229 230 230 228 227 227 227 229 229 230 230 230 230 229 229 231 231 233 234 234 234 234 234 234 234 234 235 235 235 236 237 237 237 236 235 236 236 236 237 237 238 238 238 238 237 236 236 235 233 234 235 236 236 236 237 236 237 238 238 238 238 239 238 238 238 239 239 239 239 240 239 239 239 239 239
222 223 224 224 224 225 225 225 226 226 226 227 227 228 229 229 229 229 229 228 230 231 229 228 229 229 229 229 231 230 232 231 230 231 233 234 234 235 235 235 235 235 236 236 236 236 237 237 238 238 238 237 236 235 236 236 237 237 237 237 237 239 239 238 238 237 236 236 237 237 238 237 238 238 238 238 239 239 239 239 239 239 238 238 238 239 239 240 240 240 240 239 240
223 224 224 224 225 225 225 226 227 227 227 228 228 228 228 229 229 229 229 229 229 229 232 231 231 232 232 231 231 231 232 232 233 232 233 234 236 236 236 236 236 236 236 235 235 236 236 237 238 239 239 238 236 234 235 236 236 236 237 236 237 237 239 240 239 238 237 237 238 238 238 238 238 239 239 239 239 240 240 240 240 240 239 239 239 240 240 240 240 239 240 240 240
223 224 224 224 225 226 226 226 227 228 228 228 229 229 229 230 229 230 229 229 229 229 230 231 230 231 230 232 233 233 233 234 234 234 234 234 236 236 236 236 236 236 236 235 236 236 236 237 238 239 239 239 237 236 235 234 234 234 235 236 237 238 239 239 239 239 239 238 239 240 240 240 240 240 240 240 240 240 241 241 240 240 240 240 240 240 241 241 241 240 240 240 239
224 225 225 225 225 225 226 227 227 228 228 229 229 230 229 229 229 230 229 229 229 229 230 230 230 230 228 230 231 231 231 232 233 234 235 236 235 235 235 235 236 235 235 235 235 235 237 237 238 239 240 240 239 238 237 237 235 235 235 236 237 237 237 239 240 240 241 239 239 241 241 241 241 241 241 241 241 241 241 242 241 239 241 241 241 241 241 241 242 242 241 240 240
224 225 226 226 226 226 227 227 228 228 229 229 230 230 230 230 230 230 230 230 230 230 230 229 230 229 228 228 229 229 229 229 230 232 234 236 235 235 234 235 234 235 234 235 236 237 237 238 238 238 239 241 240 240 239 239 238 238 238 238 236 236 238 239 239 240 241 242 240 240 242 241 241 241 242 242 241 242 242 242 241 239 241 242 242 242 241 242 242 241 242 241 240
225 225 226 226 226 227 228 228 228 229 229 229 230 231 230 230 230 230 230 230 230 231 231 231 231 229 230 231 230 230 229 230 230 231 233 235 236 235 234 235 235 234 236 237 239 239 240 240 240 239 239 240 241 242 239 241 241 240 240 240 239 238 237 239 240 241 241 241 242 241 242 242 242 242 242 242 242 243 243 242 242 240 239 242 242 242 242 242 242 242 242 241 241
226 226 226 227 228 227 228 229 229 229 229 230 230 231 231 231 231 232 233 233 232 232 233 232 232 232 233 233 233 232 232 232 232 232 234 235 236 235 236 235 235 235 237 238 238 239 239 240 241 241 240 240 241 242 243 243 243 242 242 241 240 239 238 239 240 241 241 241 242 243 243 242 242 243 243 243 243 244 244 243 243 241 240 242 243 243 242 242 242 242 242 243 242
227 227 227 227 228 229 229 229 229 230 230 230 230 231 231 231 232 233 231 231 231 231 231 231 231 231 232 232 233 233 233 234 234 235 235 235 236 236 236 235 235 235 235 236 237 237 239 239 240 241 242 242 242 243 243 243 244 244 244 243 242 240 240 241 240 242 242 242 242 241 241 241 241 242 243 243 243 243 243 243 243 243 243 243 243 243 243 242 242 243 243 243 243
228 228 229 229 229 230 231 230 230 230 231 230 231 231 231 232 233 230 230 230 229 229 229 229 229 231 231 231 231 232 232 233 233 232 233 233 235 235 236 236 236 234 233 233 236 236 237 239 240 241 242 241 242 241 241 242 242 242 244 244 244 242 241 242 242 243 243 242 242 242 242 241 240 241 242 244 243 243 243 244 243 243 243 244 243 244 243 243 243 243 243 244 243
227 227 227 228 228 229 229 231 231 232 231 232 232 232 233 232 231 229 229 228 227 228 228 228 229 231 230 229 230 231 231 232 232 232 233 235 235 233 235 236 237 236 235 234 234 236 237 239 240 240 240 240 242 240 241 241 241 242 243 245 245 243 241 242 243 243 243 243 243 243 242 242 241 241 242 242 244 243 243 244 243 243 243 244 244 244 244 243 243 243 243 243 244
226 227 228 228 228 229 230 231 231 231 232 231 232 233 232 231 229 228 227 227 227 228 228 229 230 230 229 229 230 230 231 231 232 233 233 233 233 233 234 235 236 237 237 236 235 235 236 236 237 237 238 238 240 240 241 241 241 242 242 243 246 244 243 243 243 242 243 242 243 243 243 243 241 241 242 242 242 242 243 243 242 243 242 243 243 243 243 243 243 244 244 244 244
226 228 228 228 230 231 232 231 230 231 231 232 233 231 231 229 228 227 227 226 227 227 228 228 229 227 228 228 228 228 230 231 233 232 231 231 231 233 234 234 235 235 236 236 237 237 237 237 237 238 238 238 238 237 239 239 241 241 242 243 244 246 246 244 244 241 241 242 242 243 243 243 242 242 242 242 242 241 240 241 241 242 241 243 243 243 243 244 244 243 243 243 243
228 228 229 230 229 229 229 229 230 231 232 232 231 230 229 228 227 227 227 226 226 227 227 227 227 227 227 228 229 230 231 232 232 231 230 231 232 233 233 234 234 235 236 235 236 236 236 238 238 238 239 238 238 236 236 237 239 239 242 242 243 245 247 245 244 243 242 241 241 242 243 242 242 243 242 241 240 240 239 239 240 240 240 241 242 242 243 244 243 243 243 243 243
226 226 229 229 227 228 228 229 230 230 232 232 229 229 228 228 227 227 226 226 226 226 226 227 227 227 228 228 229 230 231 231 231 231 230 231 232 232 233 232 232 233 234 234 235 236 237 238 237 239 240 239 238 238 237 237 237 238 241 242 243 244 247 246 246 245 243 242 242 242 242 242 242 242 242 241 240 240 240 240 241 240 240 240 241 241 242 243 244 243 243 244 244
226 226 228 228 227 228 228 230 229 230 231 231 228 229 227 226 227 226 226 226 226 226 226 227 227 227 227 228 229 230 231 230 229 230 230 230 231 231 231 231 232 233 232 233 234 237 238 239 238 240 241 241 240 239 239 239 239 239 240 241 242 244 245 245 246 246 245 244 243 242 242 242 242 243 243 241 241 239 239 239 240 241 241 241 241 241 241 242 242 243 243 243 243
226 227 229 227 228 228 229 229 229 231 232 230 228 228 227 227 227 226 227 226 226 226 226 227 227 227 227 228 230 230 229 229 229 230 230 231 232 231 232 232 233 233 233 234 236 236 239 239 238 240 241 241 241 241 241 240 239 238 239 241 242 242 243 244 244 245 246 245 245 243 243 243 243 244 243 242 241 240 240 240 240 242 242 242 242 242 242 242 242 242 243 243 242
227 228 227 227 228 228 229 229 229 232 230 229 228 228 228 227 227 227 227 227 226 227 227 227 227 227 228 229 229 228 228 229 231 231 231 231 232 232 232 232 233 235 234 234 236 238 239 238 237 237 238 239 239 239 239 241 240 239 239 240 242 242 243 242 243 244 244 245 245 245 245 245 245 245 243 243 242 241 241 241 241 241 242 242 242 242 242 243 243 244 243 243 243
226 226 226 227 228 228 229 229 230 230 228 228 228 228 228 228 227 227 227 227 227 227 227 227 228 228 229 228 228 229 228 230 231 231 232 232 232 233 232 232 233 235 236 236 237 237 237 237 236 236 237 238 239 239 240 241 240 239 238 238 240 240 241 240 242 243 242 244 243 245 244 243 244 245 245 243 242 242 242 242 242 241 242 243 243 243 243 243 243 244 244 243 243
225 225 226 227 228 229 229 230 231 229 229 229 229 228 228 228 228 227 228 228 227 227 228 228 229 229 230 229 230 230 230 231 231 231 232 233 234 234 234 234 235 235 236 236 236 236 237 236 235 235 237 237 237 238 239 239 240 239 239 238 238 239 239 240 241 242 241 242 243 243 244 244 244 244 245 244 244 244 243 242 242 242 243 243 243 243 243 243 244 245 244 244 243
225 226 227 228 228 229 230 231 230 229 229 229 229 229 228 229 228 228 229 228 228 228 228 229 230 231 232 231 231 231 231 231 233 233 233 234 235 234 234 235 234 235 234 234 234 235 235 235 233 235 236 237 237 238 238 238 238 238 239 240 240 239 239 238 240 240 240 240 242 242 242 242 243 244 244 244 244 244 244 243 243 242 243 243 243 244 243 243 244 244 244 244 243
226 227 227 227 228 229 231 230 230 229 229 229 229 228 228 228 229 228 229 230 230 230 231 230 231 232 232 232 232 232 232 232 233 233 233 233 233 233 232 233 233 233 233 233 234 233 233 233 233 235 235 235 237 237 237 238 194 195 195 239 240 240 196 239 239 239 238 239 239 239 240 240 242 243 244 243 243 244 244 244 243 242 242 242 243 244 243 243 243 244 244 244 243
227 228 228 229 230 230 230 230 229 230 229 229 229 229 229 228 228 228 229 228 229 230 230 231 230 230 229 230 232 231 231 231 231 232 231 231 231 232 232 232 231 231 231 231 231 231 231 232 234 233 234 235 192 192 192 192 194 194 195 195 196 197 197 197 240 240 240 240 239 239 239 240 242 243 244 244 244 244 245 245 244 243 243 242 242 244 243 242 243 244 244 245 244
226 228 228 228 228 229 229 229 230 230 230 229 229 229 229 228 228 228 228 228 229 228 229 230 229 229 229 230 230 230 230 230 230 230 231 230 231 230 231 231 231 231 231 230 231 231 231 232 190 233 191 190 191 191 191 193 194 194 195 195 195 196 196 196 197 197 241 240 241 240 240 239 241 243 199 244 200 244 244 244 244 244 243 243 242 242 243 242 243 244 244 244 244
228 229 228 228 228 229 229 229 229 229 229 229 229 228 228 228 228 228 228 228 228 228 229 229 229 230 230 229 230 230 229 230 229 229 229 230 230 231 232 232 232 233 232 231 231 231 189 189 190 190 192 191 192 192 192 192 194 194 194 194 195 195 195 195 195 194 195 196 196 239 240 240 240 241 199 200 200 200 200 200 245 200 244 243 243 242 243 242 241 242 199 200 201
228 229 228 228 228 228 229 229 229 229 229 229 229 231 230 230 230 229 229 230 229 230 230 231 230 231 231 231 229 229 230 229 229 229 229 231 232 233 234 234 235 234 233 231 231 190 191 189 191 191 193 194 194 194 193 192 193 193 194 195 196 197 197 196 195 194 194 194 195 196 196 241 196 241 199 200 201 200 201 201 200 200 200 199 199 199 199 198 197 198 198 200 201
228 228 229 228 228 228 228 228 229 230 231 232 233 234 233 232 234 233 233 234 234 233 233 234 233 234 233 233 231 231 231 231 230 230 229 230 231 232 234 235 236 236 233 189 231 190 192 191 191 193 195 196 196 196 195 193 192 192 195 197 198 197 198 198 197 196 195 194 194 196 196 198 197 197 200 202 201 202 201 200 199 200 200 200 200 199 200 198 198 198 198 199 200
227 228 228 227 228 228 229 229 232 232 234 234 235 235 236 237 237 237 236 237 237 237 237 237 236 236 236 235 234 234 233 232 232 232 231 231 232 233 234 236 234 237 191 189 188 190 192 194 194 196 194 194 194 195 197 195 192 194 195 197 198 195 196 197 199 198 196 194 194 196 197 198 198 197 199 201 201 201 200 200 200 200 200 200 200 200 200 200 199 199 199 199 199
226 227 227 228 230 231 230 232 234 234 236 237 237 237 236 236 235 235 234 235 235 235 235 236 236 237 238 238 237 237 235 234 234 233 233 233 233 233 235 235 192 194 192 191 190 190 191 194 196 194 193 193 194 195 197 194 194 193 196 198 197 195 197 198 198 199 196 195 195 196 197 198 199 198 199 199 200 201 200 200 200 200 201 200 199 199 199 200 200 201 201 201 201
227 227 227 230 231 233 233 233 235 237 238 236 235 235 233 233 234 234 232 233 233 234 232 232 233 234 237 237 237 238 238 237 236 234 234 234 235 236 236 233 192 194 195 193 192 192 192 195 195 192 192 192 193 194 196 197 196 196 197 198 197 196 196 197 198 200 199 198 196 195 197 198 199 199 198 198 199 200 200 200 200 200 199 200 200 199 200 200 200 200 201 202 202
229 228 229 230 233 233 234 235 237 237 235 234 232 234 232 232 232 233 231 231 231 231 231 231 234 236 235 234 235 236 236 237 237 237 237 237 236 235 233 232 190 193 194 195 195 195 195 194 193 194 194 194 194 195 195 196 197 197 197 196 196 196 196 196 197 198 200 200 198 196 196 197 199 200 200 199 198 200 201 201 201 201 201 200 200 201 200 199 199 200 201 202 203
231 230 231 231 232 235 237 237 235 235 233 233 232 232 231 232 231 231 229 228 230 229 228 230 233 234 232 231 232 233 234 234 234 235 235 234 234 233 192 192 192 192 192 193 193 194 193 193 195 196 195 195 196 196 196 197 197 197 198 198 198 197 198 198 198 198 199 200 200 199 198 197 198 199 200 200 198 198 200 201 201 201 201 201 201 201 200 200 199 200 201 202 202
233 232 233 233 235 237 235 235 232 233 233 232 231 231 229 231 230 229 229 227 228 228 229 231 233 232 231 232 233 232 233 234 234 233 234 234 234 235 194 194 194 193 192 193 192 193 193 193 195 196 197 196 197 196 196 197 199 198 199 200 199 198 198 199 199 199 199 200 200 201 199 198 197 199 200 200 199 198 198 200 201 202 201 201 201 200 201 201 200 200 201 202 202
