Data/environmental_layers/bio_6.asc
NCOLS 1388 
NROWS 588 
XLLCORNER -124.791663787 
YLLCORNER 24.9166710953946 
CELLSIZE 0.0416666688394528 
NODATA_value -9999 
[rows 280 to 319 of 588, columns 270 to 359 of 1388]
-89 -94 -98 -94 -89 -86 -85 -86 -82 -81 -81 -82 -97 -123 -129 -127 -135 -138 -141 -141 -138 -135 -136 -138 -138 -136 -133 -128 -128 -139 -142 -144 -144 -144 -141 -140 -139 -140 -141 -146 -139 -124 -115 -108 -105 -100 -95 -89 -89 -89 -86 -84 -82 -78 -77 -79 -81 -78 -80 -80 -82 -80 -75 -75 -75 -74 -75 -75 -75 -79 -81 -75 -75 -75 -74 -76 -77 -79 -78 -78 -79 -81 -83 -86 -93 -98 -93 -100 -98 -103
-88 -95 -98 -96 -89 -85 -87 -86 -79 -79 -80 -84 -101 -121 -132 -135 -141 -146 -144 -141 -136 -135 -134 -132 -132 -133 -129 -124 -130 -141 -143 -142 -143 -143 -133 -124 -120 -131 -135 -140 -130 -119 -116 -116 -104 -99 -97 -87 -84 -83 -82 -82 -82 -78 -75 -75 -77 -78 -78 -76 -79 -84 -76 -73 -73 -73 -74 -73 -72 -74 -75 -75 -73 -72 -74 -73 -75 -76 -77 -77 -77 -79 -80 -82 -88 -96 -99 -103 -101 -102
-87 -87 -89 -95 -93 -90 -86 -79 -77 -78 -84 -97 -114 -109 -120 -125 -134 -143 -142 -139 -136 -132 -130 -132 -132 -127 -122 -125 -135 -141 -141 -141 -141 -138 -118 -101 -103 -112 -124 -121 -120 -128 -123 -116 -106 -98 -100 -92 -86 -81 -78 -78 -75 -74 -74 -74 -72 -74 -76 -74 -75 -80 -80 -70 -70 -69 -70 -69 -70 -71 -71 -71 -70 -71 -74 -73 -72 -74 -76 -79 -80 -76 -78 -80 -86 -85 -89 -98 -103 -95
-87 -87 -87 -92 -95 -95 -91 -78 -75 -82 -88 -111 -129 -128 -125 -129 -138 -142 -140 -139 -135 -131 -128 -126 -125 -122 -122 -129 -139 -140 -139 -140 -139 -130 -106 -94 -102 -100 -106 -113 -120 -130 -126 -116 -106 -104 -103 -101 -97 -87 -79 -77 -74 -74 -78 -76 -70 -70 -71 -71 -74 -78 -80 -70 -67 -66 -66 -66 -67 -68 -68 -68 -70 -71 -73 -74 -72 -73 -74 -78 -80 -78 -77 -79 -79 -81 -84 -90 -97 -94
-89 -92 -90 -93 -99 -104 -101 -82 -75 -87 -113 -126 -130 -125 -130 -128 -134 -138 -137 -136 -134 -130 -128 -125 -120 -118 -123 -133 -140 -138 -137 -136 -125 -112 -100 -91 -89 -94 -101 -111 -117 -115 -110 -110 -108 -98 -99 -95 -91 -84 -77 -74 -72 -71 -71 -70 -68 -68 -69 -69 -71 -74 -76 -72 -64 -64 -63 -65 -65 -65 -66 -67 -69 -70 -71 -72 -73 -71 -73 -73 -73 -75 -79 -82 -78 -80 -82 -84 -86 -87
-88 -92 -101 -101 -90 -86 -86 -76 -77 -101 -117 -128 -125 -124 -120 -118 -124 -132 -133 -133 -131 -129 -125 -122 -120 -120 -127 -135 -137 -135 -136 -127 -117 -107 -96 -87 -85 -89 -90 -96 -103 -104 -96 -102 -105 -98 -94 -91 -89 -89 -84 -82 -74 -72 -72 -72 -70 -69 -67 -66 -67 -70 -71 -72 -65 -61 -61 -62 -63 -63 -65 -66 -67 -68 -69 -70 -71 -72 -73 -71 -73 -73 -76 -76 -76 -79 -80 -81 -81 -80
-94 -94 -102 -109 -92 -71 -67 -66 -84 -106 -102 -117 -124 -116 -115 -111 -119 -118 -118 -127 -129 -125 -122 -120 -117 -122 -125 -131 -136 -134 -135 -131 -116 -100 -92 -88 -83 -84 -87 -93 -96 -93 -89 -95 -97 -93 -92 -93 -88 -85 -87 -89 -87 -75 -68 -66 -65 -65 -65 -65 -63 -65 -66 -68 -68 -63 -60 -60 -61 -62 -63 -64 -65 -66 -67 -69 -71 -73 -74 -73 -70 -71 -72 -73 -75 -77 -79 -80 -79 -79
-93 -93 -102 -113 -107 -83 -62 -66 -79 -93 -95 -113 -110 -111 -95 -103 -113 -105 -106 -119 -125 -121 -115 -112 -110 -109 -117 -131 -134 -133 -130 -118 -110 -103 -98 -89 -86 -91 -89 -92 -90 -85 -83 -83 -88 -85 -85 -86 -86 -85 -84 -81 -82 -85 -78 -66 -63 -61 -61 -62 -62 -60 -63 -64 -65 -64 -60 -60 -60 -61 -62 -63 -64 -65 -66 -68 -69 -70 -70 -69 -68 -69 -70 -72 -74 -76 -78 -79 -77 -77
-87 -93 -110 -116 -90 -75 -63 -66 -67 -79 -102 -112 -102 -93 -87 -98 -94 -97 -105 -110 -113 -112 -103 -105 -109 -103 -109 -124 -122 -121 -114 -108 -100 -103 -105 -92 -79 -92 -84 -89 -85 -78 -79 -80 -81 -81 -79 -76 -78 -79 -81 -79 -75 -80 -86 -79 -64 -62 -60 -60 -61 -59 -58 -61 -61 -63 -60 -59 -60 -60 -61 -62 -63 -64 -65 -67 -68 -67 -65 -66 -67 -68 -69 -71 -73 -76 -78 -78 -77 -76
-105 -106 -113 -103 -75 -59 -50 -65 -63 -77 -88 -100 -97 -90 -85 -86 -89 -99 -106 -101 -101 -101 -96 -100 -104 -100 -102 -105 -102 -104 -104 -98 -96 -95 -95 -88 -78 -80 -80 -83 -80 -78 -76 -81 -83 -83 -82 -74 -68 -71 -73 -79 -79 -72 -83 -89 -83 -69 -60 -58 -57 -56 -56 -57 -57 -60 -59 -58 -59 -60 -60 -61 -62 -63 -64 -64 -64 -63 -64 -65 -65 -67 -68 -69 -72 -75 -76 -76 -75 -75
-94 -102 -80 -73 -59 -45 -47 -54 -67 -58 -73 -81 -83 -91 -77 -85 -95 -106 -101 -96 -90 -93 -90 -95 -95 -95 -99 -96 -93 -94 -94 -91 -97 -91 -91 -79 -78 -75 -76 -75 -81 -81 -72 -80 -81 -81 -78 -72 -67 -64 -67 -72 -72 -67 -74 -78 -85 -88 -70 -58 -55 -55 -55 -55 -55 -56 -56 -58 -59 -59 -61 -61 -61 -62 -60 -60 -61 -62 -63 -64 -64 -65 -66 -68 -72 -73 -75 -74 -73 -74
-67 -64 -56 -50 -42 -39 -40 -47 -63 -45 -49 -62 -76 -81 -83 -89 -92 -95 -89 -86 -83 -84 -94 -94 -92 -93 -93 -89 -88 -90 -95 -95 -85 -82 -84 -85 -79 -70 -72 -70 -74 -76 -66 -71 -78 -73 -66 -65 -69 -66 -59 -66 -63 -56 -64 -57 -63 -81 -87 -74 -60 -54 -55 -55 -54 -57 -57 -58 -56 -57 -60 -62 -59 -58 -58 -59 -60 -61 -61 -62 -63 -64 -65 -67 -69 -71 -72 -71 -74 -75
-49 -47 -42 -37 -37 -36 -35 -43 -42 -38 -45 -48 -55 -50 -74 -81 -82 -81 -80 -81 -78 -84 -96 -88 -89 -92 -92 -88 -87 -91 -98 -96 -85 -82 -83 -87 -71 -65 -62 -70 -67 -70 -66 -62 -67 -66 -60 -59 -64 -67 -61 -55 -60 -50 -52 -59 -51 -66 -82 -82 -77 -59 -53 -53 -54 -56 -56 -56 -55 -55 -55 -57 -56 -58 -57 -58 -59 -59 -60 -60 -61 -63 -64 -65 -67 -70 -69 -71 -74 -75
-37 -37 -35 -33 -32 -34 -34 -34 -33 -32 -35 -34 -42 -43 -59 -68 -65 -68 -71 -74 -78 -86 -88 -82 -80 -83 -85 -80 -83 -90 -93 -87 -88 -82 -74 -74 -70 -67 -62 -68 -61 -59 -63 -56 -59 -59 -59 -58 -57 -59 -63 -54 -48 -48 -50 -56 -48 -54 -63 -71 -78 -56 -52 -51 -52 -53 -52 -53 -53 -54 -57 -55 -56 -56 -56 -57 -57 -58 -58 -59 -59 -61 -63 -66 -66 -67 -69 -71 -74 -74
-31 -31 -30 -29 -31 -33 -36 -39 -47 -45 -38 -33 -36 -37 -60 -71 -73 -69 -74 -80 -79 -84 -82 -78 -77 -80 -79 -76 -79 -79 -80 -87 -81 -73 -70 -70 -73 -66 -57 -59 -57 -53 -51 -51 -51 -58 -61 -59 -47 -45 -52 -56 -53 -48 -48 -53 -47 -48 -53 -57 -60 -51 -49 -52 -52 -53 -53 -54 -53 -57 -60 -54 -57 -55 -56 -56 -56 -57 -57 -57 -58 -59 -62 -64 -64 -66 -68 -71 -74 -73
-25 -27 -29 -30 -30 -34 -38 -41 -47 -48 -49 -51 -60 -58 -79 -74 -75 -77 -82 -85 -84 -83 -81 -75 -75 -79 -81 -73 -73 -77 -81 -81 -75 -72 -72 -72 -75 -64 -53 -52 -55 -53 -51 -49 -46 -49 -57 -56 -49 -42 -45 -48 -47 -46 -45 -50 -46 -45 -48 -46 -48 -49 -50 -54 -55 -56 -55 -55 -55 -57 -60 -54 -60 -55 -54 -55 -55 -55 -55 -56 -56 -58 -60 -62 -63 -65 -67 -71 -72 -73
-24 -26 -31 -34 -31 -32 -48 -61 -57 -52 -48 -58 -75 -83 -74 -76 -78 -77 -81 -84 -85 -82 -78 -73 -68 -77 -80 -74 -67 -73 -76 -72 -72 -74 -78 -78 -65 -62 -61 -54 -54 -57 -58 -58 -52 -43 -42 -41 -41 -40 -39 -44 -41 -40 -41 -42 -47 -52 -51 -49 -55 -51 -53 -67 -79 -64 -59 -57 -56 -60 -61 -55 -55 -55 -54 -55 -54 -54 -54 -55 -55 -57 -60 -61 -63 -65 -67 -69 -71 -72
-24 -25 -27 -28 -28 -29 -40 -46 -44 -46 -44 -46 -53 -65 -68 -73 -70 -71 -74 -75 -87 -74 -69 -63 -57 -61 -64 -63 -63 -65 -67 -66 -69 -78 -83 -80 -62 -62 -57 -55 -54 -61 -59 -60 -63 -47 -41 -37 -36 -37 -37 -38 -40 -39 -41 -42 -44 -51 -58 -53 -60 -52 -60 -88 -96 -68 -62 -58 -56 -61 -63 -57 -55 -56 -54 -61 -53 -53 -54 -54 -54 -56 -59 -60 -62 -64 -66 -69 -70 -71
-24 -23 -25 -27 -25 -32 -37 -36 -39 -46 -48 -46 -47 -51 -64 -65 -64 -74 -76 -70 -71 -61 -57 -56 -55 -58 -63 -60 -60 -63 -63 -67 -73 -81 -83 -77 -66 -66 -64 -64 -61 -57 -53 -65 -68 -56 -47 -43 -41 -36 -37 -37 -41 -43 -43 -43 -45 -47 -50 -60 -62 -51 -59 -64 -65 -63 -61 -62 -58 -62 -63 -59 -55 -57 -56 -64 -54 -52 -52 -53 -54 -56 -59 -60 -62 -64 -66 -68 -69 -70
-26 -27 -29 -29 -29 -39 -38 -36 -39 -48 -50 -50 -48 -48 -52 -56 -62 -75 -71 -67 -60 -59 -55 -52 -52 -55 -56 -57 -60 -62 -65 -71 -81 -84 -82 -71 -71 -74 -72 -72 -71 -68 -67 -62 -55 -51 -48 -41 -39 -38 -39 -41 -45 -44 -47 -49 -47 -48 -49 -52 -59 -54 -56 -62 -64 -63 -62 -63 -60 -61 -64 -56 -55 -58 -61 -58 -53 -53 -53 -53 -55 -58 -58 -60 -62 -63 -65 -67 -68 -70
-36 -33 -31 -35 -38 -42 -40 -38 -39 -41 -46 -47 -50 -51 -52 -57 -61 -70 -64 -58 -57 -55 -50 -49 -51 -53 -56 -60 -64 -67 -70 -77 -85 -84 -86 -76 -74 -75 -78 -76 -75 -74 -75 -76 -76 -52 -41 -44 -39 -43 -44 -45 -49 -50 -45 -46 -50 -50 -51 -54 -54 -55 -56 -58 -62 -64 -65 -64 -62 -62 -66 -63 -57 -60 -69 -58 -55 -54 -54 -55 -56 -61 -61 -62 -62 -63 -65 -67 -68 -70
-46 -41 -34 -33 -31 -44 -42 -39 -39 -41 -44 -46 -48 -50 -52 -53 -51 -53 -53 -53 -50 -49 -47 -50 -54 -58 -61 -64 -69 -72 -76 -83 -88 -87 -89 -78 -76 -78 -80 -80 -80 -78 -80 -80 -74 -43 -32 -40 -46 -49 -50 -49 -52 -56 -54 -46 -45 -49 -49 -51 -52 -52 -54 -55 -57 -59 -61 -66 -64 -66 -69 -68 -59 -69 -63 -58 -58 -57 -55 -58 -59 -62 -62 -62 -62 -63 -65 -66 -68 -69
-53 -43 -34 -32 -30 -38 -45 -42 -40 -40 -43 -45 -48 -51 -53 -53 -52 -50 -48 -47 -47 -47 -49 -53 -58 -61 -64 -68 -72 -75 -85 -90 -91 -91 -87 -74 -81 -81 -83 -82 -81 -81 -84 -73 -48 -34 -39 -51 -52 -54 -58 -57 -55 -59 -58 -51 -51 -56 -58 -56 -56 -56 -55 -55 -55 -58 -61 -66 -66 -70 -70 -72 -69 -74 -69 -62 -61 -63 -62 -58 -59 -60 -60 -61 -62 -63 -65 -66 -68 -69
-43 -40 -35 -32 -30 -31 -45 -44 -42 -40 -41 -44 -48 -52 -55 -55 -54 -49 -47 -47 -47 -48 -51 -57 -61 -64 -67 -70 -75 -80 -92 -94 -94 -92 -83 -68 -78 -82 -85 -82 -83 -86 -71 -50 -37 -37 -50 -62 -63 -63 -63 -60 -59 -60 -61 -57 -54 -55 -59 -61 -61 -61 -61 -59 -58 -57 -60 -65 -70 -70 -69 -70 -69 -71 -71 -63 -60 -61 -60 -59 -59 -60 -60 -61 -63 -64 -66 -67 -68 -70
-42 -40 -37 -32 -30 -30 -39 -46 -44 -41 -41 -42 -45 -49 -53 -52 -48 -47 -47 -49 -51 -50 -51 -59 -61 -66 -70 -73 -77 -87 -94 -96 -95 -93 -83 -70 -61 -60 -60 -70 -84 -77 -48 -42 -43 -44 -65 -66 -64 -66 -66 -65 -63 -61 -63 -61 -59 -57 -59 -60 -61 -61 -63 -62 -57 -60 -61 -65 -68 -67 -67 -67 -66 -68 -72 -63 -60 -60 -59 -59 -60 -60 -62 -62 -64 -65 -67 -68 -68 -69
-41 -39 -40 -35 -32 -31 -32 -46 -47 -42 -41 -42 -43 -46 -47 -47 -47 -47 -49 -51 -53 -48 -55 -57 -65 -70 -72 -76 -80 -93 -96 -99 -100 -97 -83 -79 -62 -57 -55 -55 -56 -50 -47 -47 -50 -56 -72 -70 -68 -67 -67 -69 -67 -64 -64 -64 -60 -59 -61 -61 -62 -63 -63 -62 -59 -59 -64 -67 -67 -66 -66 -67 -66 -65 -69 -62 -64 -63 -61 -61 -61 -61 -63 -64 -65 -67 -67 -67 -69 -70
-41 -40 -39 -37 -34 -32 -32 -45 -47 -44 -42 -42 -43 -45 -47 -47 -48 -50 -50 -48 -52 -49 -46 -60 -66 -71 -75 -80 -86 -95 -98 -100 -102 -97 -85 -82 -69 -59 -55 -53 -51 -50 -50 -53 -56 -60 -74 -73 -71 -68 -68 -69 -69 -66 -64 -65 -62 -61 -62 -63 -64 -65 -65 -64 -64 -63 -68 -67 -65 -66 -66 -68 -69 -67 -65 -73 -79 -77 -77 -65 -63 -63 -65 -65 -65 -66 -67 -68 -69 -71
-42 -40 -39 -38 -36 -33 -35 -50 -49 -50 -49 -44 -45 -45 -47 -48 -49 -49 -53 -51 -46 -49 -47 -63 -67 -72 -78 -84 -89 -96 -98 -101 -103 -97 -90 -85 -79 -60 -56 -54 -54 -55 -53 -58 -60 -65 -75 -75 -74 -71 -69 -70 -69 -69 -65 -65 -63 -63 -65 -64 -66 -68 -70 -68 -69 -67 -66 -65 -65 -66 -66 -67 -67 -66 -71 -72 -74 -76 -80 -74 -65 -66 -67 -66 -66 -68 -69 -69 -70 -71
-43 -41 -38 -38 -37 -42 -55 -52 -49 -50 -49 -47 -47 -46 -49 -50 -50 -50 -43 -42 -40 -31 -50 -59 -65 -72 -79 -86 -90 -95 -99 -101 -104 -101 -96 -87 -75 -62 -58 -58 -59 -56 -59 -62 -66 -64 -72 -78 -77 -73 -68 -68 -69 -70 -70 -69 -68 -66 -67 -67 -72 -71 -73 -69 -69 -66 -65 -65 -65 -65 -66 -66 -67 -70 -70 -69 -71 -74 -77 -79 -74 -68 -67 -67 -68 -70 -70 -71 -72 -73
-44 -42 -39 -38 -36 -51 -55 -53 -52 -50 -51 -50 -51 -51 -51 -50 -50 -52 -52 -55 -50 -31 -46 -41 -63 -74 -79 -86 -91 -94 -99 -101 -103 -103 -100 -90 -80 -63 -61 -59 -51 -58 -63 -65 -69 -70 -67 -78 -78 -73 -70 -67 -68 -69 -70 -71 -70 -69 -69 -69 -71 -72 -69 -68 -66 -65 -65 -65 -65 -65 -66 -69 -72 -70 -68 -69 -72 -72 -73 -78 -77 -71 -71 -69 -70 -71 -71 -71 -73 -74
-43 -42 -42 -38 -36 -48 -55 -54 -57 -59 -56 -52 -53 -54 -53 -52 -51 -52 -55 -57 -53 -32 -34 -42 -70 -76 -81 -86 -91 -94 -97 -101 -104 -103 -101 -94 -79 -66 -65 -59 -56 -64 -65 -68 -71 -72 -71 -70 -77 -73 -69 -67 -66 -67 -69 -69 -68 -68 -69 -71 -72 -71 -67 -66 -65 -64 -64 -65 -65 -68 -71 -74 -72 -70 -68 -69 -70 -72 -74 -77 -79 -79 -82 -76 -78 -74 -73 -73 -74 -75
-45 -43 -41 -38 -37 -42 -55 -54 -57 -60 -52 -46 -54 -55 -54 -54 -54 -53 -54 -57 -50 -29 -37 -50 -48 -56 -74 -82 -90 -94 -97 -101 -104 -104 -102 -91 -76 -69 -67 -66 -52 -62 -68 -71 -71 -72 -73 -69 -75 -70 -66 -65 -65 -66 -67 -68 -68 -68 -68 -69 -69 -67 -66 -65 -64 -64 -65 -67 -69 -70 -71 -71 -69 -69 -68 -69 -72 -74 -76 -78 -80 -81 -81 -83 -84 -86 -79 -76 -77 -77
-53 -51 -41 -39 -38 -41 -57 -59 -61 -69 -57 -39 -51 -55 -54 -49 -55 -55 -53 -55 -54 -33 -32 -29 -29 -36 -46 -62 -86 -93 -96 -99 -103 -104 -103 -97 -81 -74 -72 -54 -62 -69 -69 -70 -71 -72 -74 -73 -71 -68 -64 -64 -64 -65 -66 -68 -70 -67 -68 -69 -68 -65 -65 -64 -65 -68 -70 -72 -72 -68 -69 -69 -67 -68 -71 -71 -73 -76 -77 -80 -83 -81 -80 -80 -82 -85 -86 -83 -82 -78
-41 -40 -38 -40 -38 -37 -51 -64 -70 -61 -53 -35 -50 -55 -51 -30 -50 -55 -46 -33 -28 -28 -38 -57 -61 -49 -44 -66 -80 -91 -94 -97 -100 -103 -103 -104 -91 -83 -75 -57 -63 -71 -70 -70 -71 -73 -74 -73 -71 -67 -64 -65 -64 -63 -66 -70 -70 -67 -67 -68 -68 -65 -64 -64 -68 -69 -71 -71 -69 -68 -68 -68 -70 -72 -76 -74 -75 -76 -79 -81 -83 -83 -81 -79 -81 -83 -86 -89 -92 -82
-41 -41 -40 -35 -37 -35 -31 -34 -55 -57 -36 -33 -55 -55 -42 -26 -31 -42 -29 -27 -32 -30 -56 -58 -51 -42 -53 -74 -73 -81 -86 -92 -97 -100 -102 -103 -101 -91 -79 -63 -58 -73 -72 -72 -71 -71 -71 -69 -69 -66 -65 -64 -63 -63 -64 -68 -67 -67 -67 -67 -66 -65 -64 -65 -67 -69 -70 -71 -68 -67 -69 -70 -72 -76 -76 -75 -75 -77 -79 -81 -81 -79 -80 -84 -85 -87 -87 -88 -89 -85
-43 -44 -43 -40 -34 -29 -30 -25 -56 -60 -28 -37 -38 -41 -25 -24 -25 -28 -35 -25 -37 -56 -60 -60 -37 -43 -64 -65 -47 -40 -65 -89 -94 -95 -96 -98 -99 -89 -58 -47 -51 -66 -73 -71 -70 -69 -66 -66 -69 -66 -63 -64 -64 -64 -65 -68 -66 -66 -66 -66 -66 -65 -64 -66 -68 -70 -70 -69 -67 -70 -72 -73 -74 -77 -75 -75 -76 -79 -79 -79 -79 -80 -82 -86 -87 -89 -87 -87 -87 -88
-47 -47 -34 -34 -39 -23 -32 -21 -45 -43 -26 -27 -25 -25 -26 -26 -33 -51 -41 -41 -29 -54 -62 -64 -47 -43 -40 -48 -29 -38 -63 -88 -69 -81 -94 -95 -91 -95 -75 -60 -55 -55 -73 -71 -67 -66 -64 -64 -67 -66 -64 -63 -64 -64 -64 -63 -63 -65 -65 -65 -66 -63 -65 -67 -68 -68 -69 -68 -69 -70 -71 -73 -76 -77 -75 -75 -77 -77 -77 -78 -79 -84 -85 -84 -86 -87 -85 -85 -89 -86
-49 -47 -32 -16 -20 -17 -23 -16 -25 -22 -16 -26 -39 -28 -43 -26 -47 -55 -49 -45 -37 -33 -50 -63 -67 -59 -39 -61 -56 -28 -47 -51 -47 -77 -91 -88 -78 -95 -93 -66 -52 -45 -67 -68 -59 -61 -62 -64 -63 -64 -62 -61 -64 -64 -64 -63 -63 -64 -63 -63 -63 -63 -64 -65 -65 -68 -69 -67 -69 -70 -72 -74 -76 -76 -75 -77 -77 -76 -78 -80 -83 -84 -84 -82 -85 -85 -83 -85 -87 -87
-50 -53 -47 -22 -13 -17 -21 -13 -14 -27 -29 -38 -55 -34 -40 -46 -56 -56 -55 -47 -54 -33 -43 -56 -65 -67 -64 -74 -72 -29 -28 -33 -48 -67 -84 -87 -90 -92 -90 -68 -42 -42 -72 -67 -63 -60 -60 -61 -61 -62 -61 -58 -60 -63 -63 -62 -62 -63 -62 -62 -62 -64 -65 -65 -66 -65 -67 -69 -71 -73 -75 -76 -75 -75 -76 -76 -77 -78 -80 -81 -82 -83 -83 -82 -85 -83 -85 -83 -84 -86
-50 -50 -52 -34 -18 -14 -11 -8 -22 -44 -44 -51 -51 -49 -46 -56 -57 -57 -56 -53 -56 -49 -41 -58 -61 -65 -68 -71 -73 -69 -49 -38 -59 -80 -86 -87 -90 -85 -70 -47 -36 -45 -75 -65 -59 -60 -60 -60 -60 -61 -60 -57 -58 -58 -59 -60 -61 -61 -65 -66 -64 -66 -66 -67 -68 -70 -70 -71 -73 -74 -76 -75 -75 -76 -76 -76 -79 -81 -81 -81 -81 -81 -82 -86 -84 -84 -85 -83 -82 -82
