Data/environmental_layers/bio_5.asc
NCOLS 1388 
NROWS 588 
XLLCORNER -124.791663787 
YLLCORNER 24.9166710953946 
CELLSIZE 0.0416666688394528 
NODATA_value -9999 
[rows 120 to 159 of 588, columns 455 to 545 of 1388]
302 299 297 297 300 301 301 303 302 302 300 298 300 304 306 306 302 300 300 302 304 303 305 304 303 305 303 303 297 290 286 283 281 278 280 284 285 287 282 280 274 265 264 265 264 268 272 265 269 270 273 276 279 286 287 296 299 303 304 305 306 307 307 307 306 307 310 312 313 310 310 311 314 313 314 315 315 316 317 318 319 320 322 319 322 320 318 318 322 322 319
300 299 297 297 298 299 300 302 301 300 300 298 297 298 303 303 302 300 301 301 303 305 306 306 305 306 304 302 301 295 291 285 286 284 283 283 284 283 278 276 269 259 254 259 262 266 261 256 261 268 270 266 268 276 276 278 287 296 300 302 303 305 307 307 308 309 309 309 311 314 314 315 316 317 318 318 318 319 319 319 319 319 317 320 323 319 316 317 321 320 317
298 299 296 295 296 296 297 299 300 299 299 299 299 299 302 303 304 303 302 304 306 306 305 306 306 306 303 304 301 299 294 289 287 285 286 285 283 275 273 274 269 262 257 257 258 257 262 257 256 262 261 264 266 270 270 271 278 292 298 302 302 301 302 302 303 304 306 308 310 312 312 312 312 312 312 312 312 312 313 314 314 315 318 323 320 316 314 315 318 319 315
297 297 298 296 294 295 296 298 299 300 301 300 300 300 303 304 305 304 305 305 306 304 303 305 306 305 304 303 302 300 297 294 291 285 282 283 280 272 267 270 266 261 256 253 251 255 257 258 256 257 260 264 265 267 269 271 277 290 294 299 301 303 302 303 302 302 301 302 305 308 307 307 309 310 311 312 313 314 315 316 316 316 320 322 318 313 313 315 318 319 316
295 294 297 296 294 295 296 297 298 298 299 299 300 297 301 304 304 302 303 305 305 303 302 304 305 306 305 303 302 300 298 294 291 291 287 279 281 278 271 267 264 258 253 248 252 256 251 252 254 256 256 263 266 268 269 271 273 278 292 297 299 302 302 303 304 305 305 304 305 305 306 307 309 311 313 314 314 314 315 317 318 320 321 323 319 317 314 316 318 317 315
296 293 294 294 294 295 295 295 297 298 298 298 298 297 300 303 306 306 307 306 304 305 302 303 304 304 305 304 301 299 298 297 294 290 284 277 275 276 272 266 263 258 254 249 249 251 249 249 254 260 260 261 265 268 269 272 272 274 281 290 294 297 299 300 300 301 302 304 306 307 309 310 311 312 312 311 311 312 313 314 316 317 322 320 317 313 312 313 316 317 316
299 296 292 294 296 297 298 299 299 301 301 301 300 298 298 304 307 308 306 304 301 304 305 302 301 303 304 304 303 300 299 297 296 290 285 282 277 275 272 268 263 259 255 250 247 244 248 254 259 264 264 264 266 268 270 271 275 276 280 285 294 296 297 300 299 298 299 300 302 303 305 307 308 308 308 308 309 310 312 313 315 317 323 318 316 315 313 313 313 314 317
298 296 293 295 297 298 300 301 302 303 303 304 304 303 303 306 308 307 305 305 302 301 303 304 301 299 302 305 306 305 303 301 300 293 290 287 284 279 277 270 265 260 255 249 246 247 250 250 259 263 265 268 272 271 273 273 273 277 281 287 292 297 298 301 301 301 301 302 304 306 306 308 308 309 309 309 310 309 311 313 316 318 323 318 315 314 314 313 313 313 317
297 295 293 296 297 298 300 301 303 303 302 302 303 305 305 307 307 306 306 303 304 299 300 303 303 301 305 307 308 308 307 305 305 300 295 289 285 284 277 271 270 264 260 251 247 246 252 251 259 265 266 270 273 273 274 275 277 278 282 288 294 299 299 302 302 301 300 300 301 303 305 307 309 310 312 313 314 313 313 316 319 322 321 319 315 315 315 314 316 317 316
299 294 293 295 297 297 298 298 300 302 302 304 305 303 301 303 305 305 307 304 303 302 298 300 303 301 305 307 308 309 309 308 307 304 300 295 291 284 272 269 273 273 265 251 250 248 250 256 262 261 263 268 271 270 271 274 277 279 284 287 291 294 297 301 303 305 305 306 306 305 305 305 306 307 309 311 314 316 317 319 322 320 317 318 317 316 316 317 318 319 320
297 296 293 296 298 298 299 299 301 303 305 305 304 303 301 299 300 303 306 305 301 303 299 298 298 301 301 306 307 308 309 311 308 307 303 300 295 290 281 280 272 283 271 255 253 251 251 255 256 257 260 264 271 272 274 280 282 283 284 287 290 296 297 300 303 305 306 306 309 310 310 310 310 311 311 311 312 314 317 320 323 318 316 315 316 316 317 319 320 321 321
297 295 296 297 298 298 300 302 303 304 304 303 305 303 301 298 299 303 304 303 300 301 302 303 303 301 300 306 309 310 310 311 312 309 305 305 300 292 284 285 283 289 274 260 258 255 254 252 249 247 256 258 267 277 282 284 283 284 285 287 290 293 298 301 304 303 304 306 308 310 312 314 315 315 315 316 317 318 321 321 318 321 317 315 315 316 316 319 320 321 321
298 295 297 298 300 302 302 302 302 304 303 303 304 303 302 300 300 300 300 302 304 304 306 307 308 308 306 306 310 311 312 312 314 313 311 309 307 294 292 290 293 290 276 264 265 261 259 254 250 249 258 264 267 277 281 280 286 288 290 291 293 298 299 302 303 306 307 307 307 308 311 312 313 314 317 320 320 319 319 317 316 317 321 319 317 315 316 320 321 322 323
296 297 298 299 301 301 300 300 303 303 302 303 302 302 303 302 305 304 305 304 307 308 307 310 310 311 310 308 309 311 313 312 313 314 314 312 311 308 304 300 297 296 275 273 271 267 263 258 254 252 257 267 272 266 264 264 283 289 291 293 298 301 303 305 305 305 307 310 311 311 311 311 311 313 318 321 318 316 317 316 316 318 320 320 320 319 318 320 321 323 324
297 298 299 301 301 300 298 300 303 301 301 302 303 304 305 305 306 309 309 309 309 309 311 311 312 312 313 311 311 312 313 313 314 314 315 315 313 312 308 306 305 301 287 286 279 273 269 263 261 258 264 268 271 272 276 278 286 288 290 294 299 302 305 306 307 309 308 309 310 312 315 315 315 316 319 320 316 316 316 317 316 317 320 319 320 323 324 324 322 323 324
297 298 299 301 299 298 298 301 301 301 303 305 304 304 306 308 310 311 312 312 312 310 310 311 313 314 314 314 313 311 314 314 313 314 316 317 315 314 312 310 308 302 298 293 285 280 274 270 267 264 269 273 276 279 282 284 285 290 293 297 302 302 305 307 308 310 311 312 312 312 313 314 317 319 320 320 316 315 318 318 318 320 319 321 323 324 325 326 327 327 328
296 298 299 300 300 296 298 300 302 303 306 307 307 306 306 305 308 310 313 314 315 314 312 310 312 313 315 316 314 312 314 315 316 316 315 317 318 316 315 313 310 304 293 294 290 286 282 280 276 275 277 279 279 279 281 286 287 291 295 301 303 306 309 310 311 312 312 313 314 315 316 315 318 321 319 317 320 318 317 319 319 321 322 324 324 326 327 327 328 329 330
293 296 298 299 299 299 300 299 302 305 306 307 308 309 310 309 309 310 313 314 316 317 317 315 314 315 315 316 317 315 313 314 314 315 317 318 318 318 316 315 313 310 293 297 295 292 290 288 283 280 282 282 280 283 277 282 291 293 297 302 306 309 310 311 311 314 315 316 316 318 319 319 321 320 319 319 319 318 315 319 319 320 321 322 324 326 327 328 327 329 330
294 296 297 299 298 299 301 303 304 305 304 306 307 308 308 309 310 313 315 317 318 318 319 320 318 316 317 316 318 319 315 313 313 314 315 315 319 319 319 317 315 313 302 301 303 299 296 293 287 284 289 284 284 287 285 289 295 297 301 305 306 308 308 311 314 315 316 317 319 321 319 321 321 319 319 320 320 320 319 319 321 321 322 322 324 325 327 326 325 325 326
296 297 299 299 299 301 302 303 303 306 308 308 307 306 307 307 304 304 312 315 316 317 318 318 320 320 320 319 319 320 318 315 316 316 316 316 317 319 319 320 317 316 314 302 306 305 302 297 294 292 293 290 290 290 290 295 297 300 304 306 310 311 312 312 313 315 320 321 321 320 317 319 319 320 319 317 318 320 321 321 321 322 324 325 326 327 327 325 324 321 322
298 299 301 303 302 302 303 306 304 305 307 309 311 310 307 306 306 303 308 316 318 318 318 318 319 320 321 322 321 320 321 319 316 319 318 318 318 319 319 320 320 319 317 308 312 311 308 306 301 297 296 294 294 295 295 297 302 304 309 309 314 315 316 318 318 320 322 320 319 318 316 319 318 319 318 315 318 319 321 323 323 324 325 325 324 325 324 321 321 319 320
300 301 299 302 304 306 306 306 310 309 310 310 310 313 311 310 313 310 316 319 321 322 322 322 322 322 321 321 321 322 323 322 319 318 320 321 319 320 321 320 319 320 320 317 315 306 303 305 305 303 300 298 296 296 298 302 304 308 309 311 315 317 319 319 320 322 323 319 317 319 316 318 316 315 315 316 315 317 321 322 324 323 324 324 320 321 323 320 319 320 318
300 303 304 303 304 306 307 310 310 312 313 313 314 314 316 317 317 318 318 320 322 323 321 321 319 318 318 319 319 322 322 324 322 318 319 322 322 321 322 323 320 318 320 321 319 313 306 308 309 309 306 302 302 301 302 305 309 305 306 312 319 320 321 321 323 324 322 319 317 319 319 318 318 321 321 321 321 320 322 324 323 322 319 317 316 318 321 321 318 318 318
304 304 305 305 307 308 309 310 312 311 309 311 311 310 311 315 318 320 321 322 323 322 320 317 316 317 319 321 322 322 323 325 323 321 321 321 323 323 324 324 323 322 322 323 321 318 313 308 310 311 304 306 306 306 308 308 313 306 313 319 322 323 324 324 323 323 321 320 318 318 319 320 321 321 323 323 323 322 323 323 319 321 319 316 315 317 320 321 319 317 317
300 301 303 305 306 308 309 310 311 310 307 309 310 312 314 317 319 319 319 320 320 320 319 317 318 319 320 320 320 322 320 322 325 325 325 323 322 325 325 322 321 321 320 320 321 322 320 316 312 312 304 303 302 301 306 310 309 315 322 324 325 324 323 322 322 323 320 319 320 321 321 321 321 322 322 323 324 323 322 322 319 318 320 318 316 316 319 318 319 318 314
301 303 302 304 306 306 307 309 309 309 310 312 314 316 317 318 315 316 315 314 314 314 317 316 316 318 319 318 318 318 320 321 323 322 323 324 325 325 323 321 318 319 318 320 320 320 323 320 320 316 310 307 308 310 313 314 313 320 323 323 323 323 323 322 323 323 322 320 322 322 323 323 323 323 323 324 323 322 321 320 321 317 318 316 313 315 317 314 314 315 314
299 300 302 304 304 307 306 305 307 309 313 315 315 315 315 314 313 313 311 313 315 318 319 319 319 319 319 321 321 320 319 321 323 323 324 325 324 322 320 320 317 317 319 319 318 320 321 322 322 321 314 311 314 319 321 313 319 324 323 321 321 322 323 322 322 322 322 322 323 323 324 324 325 324 324 322 321 321 321 317 320 317 317 316 311 311 312 313 311 312 312
296 300 302 304 304 305 304 307 310 312 313 314 312 313 313 313 313 313 312 313 313 316 319 319 320 321 321 321 321 323 324 323 323 324 325 324 324 321 316 318 317 314 316 318 319 319 320 321 319 320 320 318 322 323 322 321 322 323 323 324 324 322 323 322 322 322 322 322 323 324 324 325 325 323 322 321 318 317 320 317 320 317 313 316 313 310 310 310 312 310 309
297 300 301 304 305 307 309 310 310 309 310 311 312 313 314 314 315 316 316 316 317 315 317 318 317 318 320 321 323 323 321 322 323 324 322 321 322 321 319 317 314 314 317 320 320 321 320 320 318 320 321 321 321 322 321 318 319 323 322 323 324 325 324 323 324 325 325 325 324 324 325 325 325 323 321 318 315 317 317 315 318 316 312 314 315 313 312 309 310 311 310
300 303 303 303 303 305 308 307 305 306 308 310 311 312 313 313 313 313 313 316 318 320 318 320 321 321 322 321 319 321 319 318 320 321 317 317 320 320 316 316 314 316 318 319 319 320 319 319 319 320 320 320 322 322 320 319 318 321 320 321 323 325 326 324 325 325 324 324 325 325 324 324 325 324 322 318 314 314 314 314 315 317 314 312 312 313 312 308 309 310 311
300 299 300 299 301 303 304 303 303 305 305 307 308 311 312 312 312 313 314 317 319 319 320 320 318 319 320 316 318 319 316 316 318 317 315 319 317 316 316 314 315 317 318 318 319 316 315 317 316 317 320 321 321 322 320 319 317 318 320 321 322 324 325 324 324 324 325 325 324 323 324 324 324 322 319 321 318 315 312 312 314 314 314 315 312 311 312 311 310 311 311
294 295 296 297 299 300 299 300 300 303 306 308 311 312 312 311 313 315 317 317 316 317 318 316 317 315 315 313 316 318 313 314 317 316 316 318 314 314 314 311 314 315 316 315 314 312 314 316 317 318 319 321 322 320 320 319 318 318 320 321 322 323 323 322 321 322 322 322 322 323 321 321 323 321 317 317 318 318 315 311 311 312 313 314 313 312 311 311 312 312 313
292 295 296 297 297 297 300 302 304 306 307 307 307 308 309 311 312 313 315 315 316 316 313 315 314 310 312 315 316 314 312 313 313 313 316 316 315 312 313 315 314 315 316 315 316 316 316 317 318 319 320 321 322 320 318 318 318 318 319 320 322 322 321 319 320 321 322 322 323 321 320 322 324 321 318 315 315 317 317 314 313 312 313 313 313 311 310 310 310 310 310
296 297 300 302 302 299 298 299 301 303 303 305 307 308 308 308 309 311 314 313 312 311 313 313 309 310 314 313 313 310 307 310 311 312 314 314 312 308 306 313 315 316 317 318 318 319 320 319 319 319 319 321 321 319 318 316 318 319 320 320 320 320 319 319 319 320 320 320 320 320 320 323 323 320 316 315 315 316 317 316 315 314 312 310 310 310 310 309 310 310 309
300 297 301 303 304 305 303 301 298 297 302 302 303 304 304 306 308 311 311 309 309 311 310 309 306 311 310 310 311 308 305 308 308 310 309 312 311 307 307 312 314 316 318 317 318 318 318 319 319 320 320 321 320 319 317 315 316 317 318 319 318 319 319 320 321 322 322 322 322 322 322 323 321 319 318 316 313 315 317 314 310 310 307 306 307 308 308 309 309 309 309
305 303 305 304 304 305 306 302 300 297 298 298 298 301 303 305 308 309 307 306 309 309 306 304 306 308 306 309 308 303 303 304 306 306 305 309 309 309 311 312 314 315 315 315 316 317 318 319 320 320 321 320 318 318 318 317 315 316 319 320 321 321 321 321 320 321 322 323 323 322 323 320 320 318 316 312 312 312 315 313 309 306 304 304 305 304 306 308 308 308 310
309 309 309 308 308 308 308 306 305 303 302 298 296 299 302 304 305 306 304 305 306 305 305 301 303 305 307 306 304 301 301 300 302 301 300 303 304 304 306 306 308 309 308 312 315 315 317 318 319 320 319 318 318 317 317 318 319 318 320 322 322 322 322 322 321 321 322 322 321 320 320 320 320 319 317 309 310 313 313 310 311 308 306 304 305 305 306 306 307 308 308
315 314 313 313 312 311 310 308 308 306 303 300 299 298 298 300 302 301 301 300 301 302 300 299 301 303 303 299 296 293 292 293 294 295 294 295 297 297 298 295 296 295 300 306 311 315 316 317 318 319 318 317 317 316 318 319 320 321 322 321 322 322 321 320 321 322 321 319 319 319 319 318 317 316 315 310 308 310 311 309 307 309 308 306 306 307 307 307 308 308 308
312 311 311 310 307 307 306 306 305 307 305 302 302 299 299 302 302 301 299 299 297 300 301 300 302 302 299 297 294 292 290 289 291 293 294 295 294 293 293 293 293 295 295 295 307 312 314 316 317 317 316 314 309 307 315 318 319 320 321 322 322 322 322 321 322 320 320 318 316 317 317 315 312 310 312 307 307 309 309 307 307 307 307 308 308 308 308 309 309 309 308
298 299 300 301 302 305 303 303 305 305 305 304 302 300 298 300 304 304 303 301 302 304 304 302 300 300 297 295 294 294 292 291 292 294 296 296 297 296 294 294 294 295 295 292 294 303 305 308 313 313 310 305 300 306 311 315 318 319 320 321 321 321 321 320 320 318 318 316 311 313 312 311 310 307 308 308 307 307 307 308 308 306 305 307 307 307 307 307 308 309 309
