Data/environmental_layers/bio_6.asc
NCOLS 1388 
NROWS 588 
XLLCORNER -124.791663787 
YLLCORNER 24.9166710953946 
CELLSIZE 0.0416666688394528 
NODATA_value -9999 
[rows 0 to 39 of 588, columns 540 to 629 of 1388]
-9999 -9999 -9999 -9999 -9999 -9999 -9999 -9999 -9999 -9999 -9999 -9999 -9999 -9999 -9999 -9999 -9999 -9999 -9999 -9999 -9999 -9999 -9999 -9999 -9999 -9999 -9999 -9999 -9999 -9999 -9999 -9999 -9999 -9999 -9999 -9999 -9999 -9999 -9999 -9999 -9999 -9999 -9999 -9999 -9999 -9999 -9999 -9999 -9999 -9999 -9999 -9999 -9999 -9999 -9999 -9999 -9999 -9999 -9999 -9999 -9999 -9999 -9999 -9999 -9999 -9999 -9999 -9999 -9999 -9999 -9999 -9999 -9999 -9999 -9999 -9999 -9999 -9999 -9999 -9999 -9999 -9999 -9999 -9999 -9999 -9999 -9999 -9999 -9999 -9999
-9999 -9999 -9999 -9999 -9999 -9999 -9999 -9999 -9999 -9999 -9999 -9999 -9999 -9999 -9999 -9999 -9999 -9999 -9999 -9999 -9999 -9999 -9999 -9999 -9999 -9999 -9999 -9999 -9999 -9999 -9999 -9999 -9999 -9999 -9999 -9999 -9999 -9999 -9999 -9999 -9999 -9999 -9999 -9999 -9999 -9999 -9999 -9999 -9999 -9999 -9999 -9999 -9999 -9999 -9999 -9999 -9999 -9999 -9999 -9999 -9999 -9999 -9999 -9999 -9999 -9999 -9999 -9999 -9999 -9999 -9999 -9999 -9999 -9999 -9999 -9999 -9999 -9999 -9999 -9999 -9999 -9999 -9999 -9999 -9999 -9999 -9999 -9999 -9999 -9999
-9999 -9999 -9999 -9999 -9999 -9999 -9999 -9999 -9999 -9999 -9999 -9999 -9999 -9999 -9999 -9999 -9999 -9999 -9999 -9999 -9999 -9999 -9999 -9999 -9999 -9999 -9999 -9999 -9999 -9999 -9999 -9999 -9999 -9999 -9999 -9999 -9999 -9999 -9999 -9999 -9999 -9999 -9999 -9999 -9999 -9999 -9999 -9999 -9999 -9999 -9999 -9999 -9999 -9999 -9999 -9999 -9999 -9999 -9999 -9999 -9999 -9999 -9999 -9999 -9999 -9999 -9999 -9999 -9999 -9999 -9999 -9999 -9999 -9999 -9999 -9999 -9999 -9999 -9999 -9999 -9999 -9999 -9999 -9999 -9999 -9999 -9999 -9999 -9999 -9999
-9999 -9999 -9999 -9999 -9999 -9999 -9999 -9999 -9999 -9999 -9999 -9999 -9999 -9999 -9999 -9999 -9999 -9999 -9999 -9999 -9999 -9999 -9999 -9999 -9999 -9999 -9999 -9999 -9999 -9999 -9999 -9999 -9999 -9999 -9999 -9999 -9999 -9999 -9999 -9999 -9999 -9999 -9999 -9999 -9999 -9999 -9999 -9999 -9999 -9999 -9999 -9999 -9999 -9999 -9999 -9999 -9999 -9999 -9999 -9999 -9999 -9999 -9999 -9999 -9999 -9999 -9999 -9999 -9999 -9999 -9999 -9999 -9999 -9999 -9999 -9999 -9999 -9999 -9999 -9999 -9999 -9999 -9999 -9999 -9999 -9999 -9999 -9999 -9999 -9999
-9999 -9999 -9999 -9999 -9999 -9999 -9999 -9999 -9999 -9999 -9999 -9999 -9999 -9999 -9999 -9999 -9999 -9999 -9999 -9999 -9999 -9999 -9999 -9999 -9999 -9999 -9999 -9999 -9999 -9999 -9999 -9999 -9999 -9999 -9999 -9999 -9999 -9999 -9999 -9999 -9999 -9999 -9999 -9999 -9999 -9999 -9999 -9999 -9999 -9999 -9999 -9999 -9999 -9999 -9999 -9999 -9999 -9999 -9999 -9999 -9999 -9999 -9999 -9999 -9999 -9999 -9999 -9999 -9999 -9999 -9999 -9999 -9999 -9999 -9999 -9999 -9999 -9999 -9999 -9999 -9999 -9999 -9999 -9999 -9999 -9999 -9999 -9999 -9999 -9999
-9999 -9999 -9999 -9999 -9999 -9999 -9999 -9999 -9999 -9999 -9999 -9999 -9999 -9999 -9999 -9999 -9999 -9999 -9999 -9999 -9999 -9999 -9999 -9999 -9999 -9999 -9999 -9999 -9999 -9999 -9999 -9999 -9999 -9999 -9999 -9999 -9999 -9999 -9999 -9999 -9999 -9999 -9999 -9999 -9999 -9999 -9999 -9999 -9999 -9999 -9999 -9999 -9999 -9999 -9999 -9999 -9999 -9999 -9999 -9999 -9999 -9999 -9999 -9999 -9999 -9999 -9999 -9999 -9999 -9999 -9999 -9999 -9999 -9999 -9999 -9999 -9999 -9999 -9999 -9999 -9999 -9999 -9999 -9999 -9999 -9999 -9999 -9999 -9999 -9999
-9999 -9999 -9999 -9999 -9999 -9999 -9999 -9999 -9999 -9999 -9999 -9999 -9999 -9999 -9999 -9999 -9999 -9999 -9999 -9999 -9999 -9999 -9999 -9999 -9999 -9999 -9999 -9999 -9999 -9999 -9999 -9999 -9999 -9999 -9999 -9999 -9999 -9999 -9999 -9999 -9999 -9999 -9999 -9999 -9999 -9999 -9999 -9999 -9999 -9999 -9999 -9999 -9999 -9999 -9999 -9999 -9999 -9999 -9999 -9999 -9999 -9999 -9999 -9999 -9999 -9999 -9999 -9999 -9999 -9999 -9999 -9999 -9999 -9999 -9999 -9999 -9999 -9999 -9999 -9999 -9999 -9999 -9999 -9999 -9999 -9999 -9999 -9999 -9999 -9999
-9999 -9999 -9999 -9999 -9999 -9999 -9999 -9999 -9999 -9999 -9999 -9999 -9999 -9999 -9999 -9999 -9999 -9999 -9999 -9999 -9999 -9999 -9999 -9999 -9999 -9999 -9999 -9999 -9999 -9999 -9999 -9999 -9999 -9999 -9999 -9999 -9999 -9999 -9999 -9999 -9999 -9999 -9999 -9999 -9999 -9999 -9999 -9999 -9999 -9999 -9999 -9999 -9999 -9999 -9999 -9999 -9999 -9999 -9999 -9999 -9999 -9999 -9999 -9999 -9999 -9999 -9999 -9999 -9999 -9999 -9999 -9999 -9999 -9999 -9999 -9999 -9999 -9999 -9999 -9999 -9999 -9999 -9999 -9999 -9999 -9999 -9999 -9999 -9999 -9999
-9999 -9999 -9999 -9999 -9999 -9999 -9999 -9999 -9999 -9999 -9999 -9999 -9999 -9999 -9999 -9999 -9999 -9999 -9999 -9999 -9999 -9999 -9999 -9999 -9999 -9999 -9999 -9999 -9999 -9999 -9999 -9999 -9999 -9999 -9999 -9999 -9999 -9999 -9999 -9999 -9999 -9999 -9999 -9999 -9999 -9999 -9999 -9999 -9999 -9999 -9999 -9999 -9999 -9999 -9999 -9999 -9999 -9999 -9999 -9999 -9999 -9999 -9999 -9999 -9999 -9999 -9999 -9999 -9999 -9999 -9999 -9999 -9999 -9999 -9999 -9999 -9999 -9999 -9999 -9999 -9999 -9999 -9999 -9999 -9999 -9999 -9999 -9999 -9999 -9999
-9999 -9999 -9999 -9999 -9999 -9999 -9999 -9999 -9999 -9999 -9999 -9999 -9999 -9999 -9999 -9999 -9999 -9999 -9999 -9999 -9999 -9999 -9999 -9999 -9999 -9999 -9999 -9999 -9999 -9999 -9999 -9999 -9999 -9999 -9999 -9999 -9999 -9999 -9999 -9999 -9999 -9999 -9999 -9999 -9999 -9999 -9999 -9999 -9999 -9999 -9999 -9999 -9999 -9999 -9999 -9999 -9999 -9999 -9999 -9999 -9999 -9999 -9999 -9999 -9999 -9999 -9999 -9999 -9999 -9999 -9999 -9999 -9999 -9999 -9999 -9999 -9999 -9999 -9999 -9999 -9999 -9999 -9999 -9999 -9999 -9999 -9999 -9999 -9999 -9999
-211 -211 -210 -211 -211 -211 -212 -212 -212 -212 -213 -213 -213 -213 -214 -214 -214 -215 -215 -215 -215 -215 -215 -215 -215 -214 -214 -214 -214 -214 -214 -214 -215 -216 -217 -218 -219 -219 -220 -220 -221 -222 -224 -225 -226 -225 -225 -225 -226 -227 -227 -227 -227 -228 -229 -228 -229 -229 -229 -229 -227 -225 -224 -223 -223 -222 -221 -220 -220 -219 -218 -218 -219 -219 -220 -221 -222 -222 -222 -223 -223 -224 -224 -225 -224 -225 -225 -226 -225 -226
-210 -210 -210 -210 -210 -210 -211 -211 -211 -211 -212 -212 -212 -213 -213 -213 -213 -214 -214 -214 -214 -214 -214 -214 -213 -213 -213 -213 -213 -212 -212 -213 -215 -216 -217 -218 -219 -219 -220 -220 -221 -221 -222 -224 -224 -224 -225 -225 -226 -226 -225 -226 -226 -227 -228 -228 -228 -229 -229 -229 -228 -226 -224 -223 -222 -221 -221 -220 -219 -219 -218 -218 -218 -219 -219 -220 -221 -222 -222 -223 -223 -223 -224 -224 -225 -224 -225 -226 -226 -226
-209 -209 -209 -209 -209 -210 -210 -210 -211 -210 -211 -212 -212 -212 -212 -212 -213 -213 -213 -213 -213 -213 -213 -213 -213 -212 -212 -212 -212 -211 -212 -213 -214 -216 -217 -218 -219 -219 -220 -220 -221 -220 -221 -222 -223 -224 -224 -225 -225 -225 -225 -225 -226 -226 -227 -227 -228 -228 -229 -229 -228 -227 -224 -222 -222 -221 -220 -220 -219 -219 -218 -218 -218 -218 -219 -220 -221 -221 -222 -222 -223 -223 -224 -223 -224 -224 -225 -225 -226 -226
-208 -208 -208 -208 -208 -209 -209 -209 -210 -210 -210 -211 -211 -212 -212 -212 -212 -212 -212 -212 -212 -212 -212 -212 -211 -211 -211 -211 -211 -211 -212 -213 -214 -215 -217 -218 -219 -220 -221 -221 -221 -220 -220 -220 -220 -222 -223 -224 -224 -224 -225 -224 -224 -225 -225 -226 -227 -228 -228 -229 -229 -228 -225 -223 -222 -221 -220 -220 -219 -219 -218 -218 -218 -218 -219 -219 -220 -221 -221 -222 -223 -222 -223 -223 -224 -224 -225 -225 -225 -226
-207 -207 -207 -207 -207 -208 -208 -209 -209 -210 -210 -210 -210 -211 -211 -211 -211 -211 -211 -211 -211 -211 -211 -210 -210 -210 -210 -210 -210 -211 -212 -213 -214 -216 -217 -218 -219 -220 -221 -221 -221 -220 -220 -220 -220 -221 -221 -222 -223 -223 -223 -223 -223 -223 -223 -224 -225 -226 -226 -227 -228 -227 -225 -224 -222 -222 -220 -220 -219 -219 -219 -218 -218 -218 -218 -219 -220 -220 -221 -222 -222 -222 -222 -223 -223 -224 -225 -225 -225 -226
-207 -207 -207 -207 -206 -207 -207 -208 -208 -209 -209 -209 -209 -210 -210 -211 -210 -211 -210 -210 -210 -210 -209 -209 -209 -209 -209 -209 -210 -210 -212 -213 -214 -216 -217 -219 -220 -221 -222 -222 -222 -221 -220 -220 -221 -221 -222 -222 -222 -223 -222 -222 -222 -222 -222 -223 -223 -223 -224 -225 -226 -226 -224 -223 -222 -221 -220 -220 -219 -219 -219 -218 -218 -218 -218 -219 -219 -220 -221 -221 -221 -222 -222 -223 -223 -224 -224 -224 -225 -226
-207 -206 -206 -206 -206 -206 -207 -207 -207 -208 -208 -209 -209 -209 -210 -210 -210 -209 -209 -209 -209 -208 -208 -208 -208 -208 -208 -209 -209 -210 -211 -212 -214 -216 -217 -219 -221 -222 -222 -222 -222 -222 -221 -221 -221 -222 -222 -223 -223 -222 -222 -222 -221 -221 -221 -221 -222 -222 -223 -223 -224 -223 -223 -222 -222 -221 -221 -220 -219 -219 -218 -218 -218 -218 -218 -219 -219 -220 -220 -220 -221 -221 -222 -223 -223 -224 -224 -224 -225 -225
-207 -206 -206 -205 -205 -205 -206 -206 -207 -207 -208 -208 -208 -208 -208 -209 -209 -208 -208 -208 -207 -207 -207 -206 -206 -206 -207 -207 -208 -209 -211 -212 -214 -215 -218 -220 -221 -223 -223 -223 -222 -222 -222 -222 -221 -222 -222 -222 -222 -222 -221 -221 -221 -220 -220 -220 -220 -221 -221 -222 -222 -221 -221 -221 -221 -221 -220 -219 -219 -219 -218 -218 -218 -218 -218 -219 -219 -219 -219 -220 -220 -221 -222 -222 -223 -223 -224 -224 -224 -225
-208 -207 -206 -205 -205 -205 -205 -206 -206 -207 -207 -207 -208 -208 -207 -208 -208 -207 -207 -207 -206 -206 -205 -205 -205 -205 -205 -206 -207 -208 -210 -211 -213 -215 -217 -220 -222 -224 -224 -223 -223 -222 -222 -222 -222 -222 -223 -223 -222 -222 -221 -220 -220 -219 -219 -219 -219 -219 -220 -220 -220 -220 -220 -220 -220 -220 -220 -220 -219 -218 -218 -218 -218 -218 -218 -218 -219 -218 -219 -219 -220 -220 -221 -222 -222 -223 -223 -223 -224 -225
-208 -207 -206 -206 -205 -205 -205 -205 -206 -206 -206 -207 -207 -207 -207 -207 -207 -207 -206 -206 -205 -204 -203 -203 -203 -204 -204 -205 -206 -207 -208 -210 -212 -214 -216 -219 -221 -223 -223 -222 -222 -222 -221 -221 -222 -222 -222 -223 -222 -221 -220 -219 -218 -218 -218 -218 -218 -218 -218 -219 -219 -219 -219 -219 -219 -219 -219 -218 -218 -218 -218 -218 -218 -218 -218 -217 -218 -218 -218 -219 -219 -220 -220 -221 -222 -222 -222 -223 -223 -224
-208 -207 -207 -206 -206 -205 -205 -204 -205 -206 -206 -206 -206 -207 -207 -207 -206 -206 -206 -204 -203 -202 -202 -202 -202 -202 -202 -203 -204 -206 -207 -209 -211 -213 -215 -217 -219 -221 -221 -221 -221 -221 -221 -221 -221 -221 -221 -221 -221 -220 -218 -218 -217 -217 -216 -216 -216 -217 -217 -217 -217 -218 -218 -218 -218 -218 -218 -218 -218 -218 -217 -217 -217 -217 -218 -218 -217 -217 -218 -218 -219 -219 -220 -220 -220 -221 -222 -222 -223 -223
-207 -206 -206 -206 -206 -205 -205 -205 -204 -204 -205 -205 -206 -206 -206 -206 -206 -205 -204 -203 -202 -201 -200 -199 -199 -200 -201 -202 -203 -204 -206 -207 -209 -211 -213 -215 -217 -218 -219 -219 -220 -220 -220 -220 -220 -220 -220 -220 -219 -218 -217 -216 -215 -215 -214 -214 -214 -215 -215 -216 -217 -217 -217 -217 -218 -218 -217 -217 -217 -217 -217 -217 -217 -216 -216 -217 -217 -217 -217 -218 -218 -219 -218 -219 -220 -220 -221 -222 -222 -223
-207 -206 -206 -205 -205 -205 -205 -205 -204 -205 -204 -204 -204 -205 -205 -205 -205 -204 -204 -202 -201 -199 -198 -197 -198 -198 -199 -200 -201 -203 -204 -206 -207 -209 -211 -213 -214 -216 -217 -217 -218 -218 -218 -218 -218 -219 -219 -218 -217 -216 -215 -215 -213 -213 -212 -212 -213 -213 -214 -214 -215 -216 -216 -216 -217 -217 -217 -217 -217 -217 -217 -217 -217 -217 -216 -216 -216 -217 -217 -217 -217 -217 -218 -218 -219 -219 -220 -221 -221 -222
-206 -205 -205 -205 -204 -204 -205 -205 -205 -204 -204 -204 -204 -204 -204 -204 -204 -204 -203 -201 -199 -197 -196 -195 -196 -196 -197 -199 -200 -201 -203 -204 -206 -207 -209 -210 -212 -213 -214 -215 -216 -216 -216 -217 -217 -217 -217 -216 -215 -214 -214 -213 -211 -211 -210 -210 -211 -211 -212 -213 -214 -214 -215 -215 -216 -216 -216 -217 -217 -217 -217 -217 -217 -216 -216 -216 -216 -216 -216 -216 -216 -217 -217 -218 -218 -219 -219 -220 -220 -221
-205 -204 -204 -203 -204 -204 -204 -204 -204 -204 -204 -203 -203 -203 -203 -203 -203 -203 -201 -200 -198 -196 -194 -194 -194 -195 -196 -197 -198 -200 -201 -203 -204 -205 -207 -208 -209 -211 -212 -213 -214 -214 -215 -215 -216 -216 -215 -215 -214 -213 -212 -211 -210 -209 -208 -208 -208 -209 -211 -212 -213 -213 -214 -215 -215 -216 -216 -217 -217 -217 -216 -216 -216 -216 -215 -216 -215 -216 -215 -215 -216 -216 -216 -217 -217 -218 -219 -219 -220 -220
-204 -203 -203 -203 -203 -203 -203 -203 -203 -203 -203 -203 -203 -203 -203 -202 -202 -201 -200 -198 -197 -195 -193 -192 -192 -193 -194 -196 -197 -198 -200 -201 -202 -203 -204 -206 -207 -208 -209 -211 -212 -212 -213 -214 -214 -214 -214 -213 -212 -211 -210 -209 -208 -207 -206 -206 -207 -208 -209 -210 -212 -213 -213 -214 -215 -216 -216 -217 -217 -216 -216 -216 -215 -215 -215 -215 -215 -214 -214 -215 -215 -215 -216 -216 -217 -217 -218 -218 -219 -219
-202 -202 -202 -202 -202 -201 -202 -202 -202 -202 -203 -203 -203 -202 -202 -201 -201 -200 -199 -197 -195 -194 -193 -191 -191 -192 -193 -195 -196 -197 -199 -200 -200 -201 -202 -203 -205 -206 -207 -208 -209 -210 -211 -211 -212 -212 -212 -211 -210 -210 -209 -208 -207 -206 -205 -205 -206 -207 -208 -209 -210 -211 -212 -213 -214 -215 -216 -216 -217 -216 -217 -215 -215 -215 -215 -214 -214 -214 -214 -214 -214 -214 -214 -215 -216 -216 -217 -218 -218 -219
-201 -201 -200 -200 -200 -200 -201 -201 -201 -201 -201 -201 -202 -201 -201 -200 -200 -199 -198 -197 -194 -193 -192 -190 -190 -191 -193 -194 -195 -197 -198 -199 -199 -200 -200 -201 -203 -204 -205 -206 -207 -208 -208 -209 -209 -210 -210 -209 -208 -208 -207 -207 -206 -205 -204 -204 -205 -206 -207 -208 -209 -210 -211 -212 -213 -214 -215 -215 -216 -216 -215 -215 -215 -214 -214 -214 -213 -213 -213 -213 -213 -213 -213 -214 -214 -215 -216 -217 -218 -218
-201 -200 -199 -199 -199 -199 -199 -200 -199 -200 -200 -200 -200 -201 -201 -200 -199 -199 -197 -196 -195 -193 -192 -191 -191 -191 -193 -194 -195 -196 -197 -198 -199 -199 -200 -200 -201 -202 -203 -204 -205 -206 -206 -207 -207 -207 -207 -207 -206 -206 -206 -205 -205 -204 -204 -204 -205 -205 -206 -207 -208 -209 -210 -211 -212 -213 -214 -215 -215 -215 -214 -214 -214 -213 -213 -212 -212 -212 -212 -212 -212 -212 -213 -213 -214 -214 -215 -216 -217 -217
-199 -199 -199 -198 -198 -198 -199 -199 -199 -199 -199 -199 -199 -200 -200 -199 -199 -198 -197 -196 -195 -194 -193 -192 -192 -192 -193 -194 -195 -196 -198 -198 -199 -199 -199 -200 -200 -201 -201 -202 -203 -203 -204 -204 -205 -205 -205 -205 -205 -205 -204 -204 -204 -203 -203 -204 -204 -205 -205 -206 -207 -208 -209 -210 -211 -212 -213 -214 -214 -214 -214 -213 -213 -212 -212 -212 -212 -212 -211 -211 -211 -211 -212 -212 -213 -213 -214 -215 -216 -217
-198 -198 -198 -197 -197 -197 -198 -198 -198 -198 -198 -198 -198 -198 -199 -199 -199 -198 -198 -197 -196 -194 -194 -193 -193 -193 -194 -194 -195 -196 -197 -199 -199 -199 -199 -199 -199 -199 -200 -200 -201 -201 -202 -202 -203 -203 -203 -204 -203 -203 -203 -203 -203 -202 -203 -203 -203 -204 -205 -206 -206 -207 -208 -209 -210 -211 -212 -212 -212 -212 -212 -212 -212 -211 -211 -211 -211 -211 -210 -210 -210 -210 -210 -211 -212 -213 -214 -215 -216 -216
-196 -196 -196 -196 -196 -196 -197 -197 -197 -197 -197 -198 -197 -197 -198 -198 -197 -197 -197 -197 -196 -195 -195 -194 -194 -194 -194 -195 -195 -197 -197 -199 -199 -199 -199 -198 -198 -198 -198 -199 -199 -199 -200 -200 -201 -201 -202 -202 -202 -202 -202 -202 -202 -202 -202 -202 -203 -203 -204 -205 -206 -206 -207 -208 -209 -210 -211 -211 -211 -212 -212 -211 -211 -210 -210 -210 -210 -210 -210 -210 -209 -209 -209 -210 -212 -212 -213 -214 -215 -215
-194 -194 -194 -194 -195 -196 -196 -196 -196 -196 -196 -197 -196 -197 -197 -197 -197 -197 -197 -197 -197 -197 -196 -196 -195 -195 -195 -195 -196 -197 -197 -198 -199 -199 -198 -197 -197 -196 -196 -196 -197 -197 -198 -198 -199 -199 -199 -200 -200 -200 -201 -200 -201 -201 -201 -202 -202 -202 -203 -204 -205 -206 -207 -208 -208 -209 -210 -210 -211 -211 -211 -211 -210 -210 -209 -209 -210 -209 -209 -209 -209 -208 -209 -210 -211 -212 -212 -214 -214 -215
-192 -192 -192 -193 -194 -194 -195 -195 -195 -195 -196 -196 -196 -196 -196 -197 -197 -197 -196 -197 -197 -197 -197 -197 -196 -195 -196 -196 -196 -197 -197 -198 -198 -198 -197 -196 -195 -195 -194 -195 -195 -195 -196 -196 -197 -197 -198 -198 -199 -199 -200 -200 -200 -200 -201 -201 -202 -202 -202 -203 -204 -205 -205 -206 -207 -208 -208 -209 -210 -210 -210 -209 -209 -209 -208 -208 -209 -209 -208 -208 -209 -209 -209 -210 -210 -212 -213 -214 -214 -214
-190 -191 -191 -192 -193 -193 -193 -194 -194 -195 -195 -195 -195 -195 -195 -196 -196 -196 -196 -196 -197 -197 -197 -197 -197 -197 -196 -196 -196 -197 -196 -196 -197 -196 -196 -195 -193 -193 -192 -192 -193 -193 -194 -194 -195 -196 -197 -197 -198 -198 -199 -199 -199 -199 -201 -200 -201 -201 -202 -202 -203 -204 -204 -205 -206 -207 -207 -207 -208 -208 -209 -208 -208 -208 -208 -208 -208 -209 -208 -209 -210 -210 -209 -210 -210 -212 -212 -213 -214 -214
-189 -190 -190 -191 -191 -192 -193 -193 -194 -194 -194 -194 -195 -195 -195 -195 -196 -196 -196 -196 -197 -197 -197 -197 -198 -197 -197 -197 -196 -196 -196 -196 -195 -195 -194 -193 -192 -191 -190 -190 -190 -191 -192 -193 -194 -195 -196 -196 -197 -197 -198 -198 -199 -199 -200 -200 -200 -201 -201 -201 -202 -202 -203 -204 -204 -205 -206 -206 -206 -207 -207 -207 -207 -207 -208 -208 -208 -208 -208 -208 -209 -210 -210 -210 -211 -212 -212 -213 -214 -214
-189 -190 -191 -191 -191 -192 -192 -192 -193 -193 -193 -194 -194 -194 -194 -195 -195 -195 -196 -196 -196 -197 -197 -197 -197 -197 -197 -197 -196 -196 -196 -195 -194 -194 -193 -191 -190 -189 -188 -188 -188 -189 -190 -191 -192 -193 -194 -195 -196 -197 -197 -198 -198 -199 -199 -199 -200 -200 -200 -201 -201 -201 -202 -203 -203 -204 -204 -205 -205 -205 -206 -206 -206 -206 -207 -207 -207 -207 -208 -209 -209 -210 -210 -211 -211 -211 -212 -213 -214 -214
-188 -189 -190 -190 -191 -191 -191 -191 -192 -192 -193 -193 -193 -193 -194 -194 -195 -195 -195 -195 -196 -197 -197 -198 -197 -197 -196 -196 -195 -195 -195 -194 -194 -193 -192 -191 -189 -187 -186 -186 -187 -188 -189 -190 -191 -192 -193 -194 -195 -196 -197 -197 -198 -198 -199 -199 -199 -199 -200 -200 -200 -200 -201 -201 -202 -202 -203 -203 -204 -204 -204 -205 -205 -205 -205 -205 -206 -206 -207 -208 -208 -209 -210 -211 -211 -212 -213 -213 -214 -214
-186 -188 -188 -189 -189 -189 -189 -190 -190 -191 -192 -192 -192 -193 -193 -194 -194 -194 -195 -195 -196 -196 -196 -197 -197 -197 -196 -195 -195 -194 -194 -194 -193 -192 -191 -190 -189 -187 -186 -185 -186 -187 -188 -189 -191 -192 -193 -193 -194 -195 -196 -197 -197 -198 -198 -198 -198 -199 -199 -199 -199 -199 -200 -200 -200 -201 -201 -202 -203 -203 -204 -204 -204 -204 -204 -205 -205 -207 -207 -207 -208 -208 -209 -210 -211 -212 -213 -213 -213 -214
-185 -187 -187 -188 -188 -188 -188 -189 -189 -190 -190 -191 -191 -192 -192 -193 -193 -194 -194 -195 -195 -195 -196 -196 -195 -195 -195 -194 -193 -193 -193 -193 -192 -191 -190 -189 -189 -189 -188 -187 -187 -187 -188 -189 -190 -191 -192 -192 -194 -195 -196 -196 -197 -197 -197 -198 -198 -198 -198 -198 -198 -199 -198 -199 -199 -199 -200 -201 -201 -202 -203 -203 -203 -204 -204 -205 -205 -206 -206 -207 -208 -208 -209 -210 -211 -212 -213 -214 -214 -214
