Data/environmental_layers/bio_2.asc
NCOLS 1388 
NROWS 588 
XLLCORNER -124.791663787 
YLLCORNER 24.9166710953946 
CELLSIZE 0.0416666688394528 
NODATA_value -9999 
[rows 280 to 319 of 588, columns 91 to 181 of 1388]
147 148 148 148 148 149 149 150 151 151 152 153 155 157 158 159 160 158 159 158 152 151 153 153 150 148 147 144 142 144 144 143 142 145 145 140 135 130 131 122 116 111 117 122 125 123 129 138 144 145 148 151 154 154 152 141 137 149 152 167 172 182 179 148 122 128 138 159 176 186 188 181 168 158 151 152 149 157 168 175 178 177 175 171 164 159 155 152 152 151 151
147 147 148 148 148 148 149 149 150 150 151 152 153 155 157 158 159 160 160 159 153 154 155 156 153 152 152 150 152 152 149 138 135 134 137 135 132 121 121 126 119 117 120 117 123 129 130 136 138 142 144 148 152 154 155 151 145 149 149 162 173 183 185 168 135 121 135 149 163 183 189 186 169 152 149 154 156 165 174 178 178 177 174 168 159 156 152 150 151 150 149
147 148 148 148 148 148 148 148 149 149 150 151 152 154 155 157 158 159 159 160 158 156 159 156 154 156 156 157 150 147 143 139 134 134 131 130 131 122 115 119 119 122 130 120 123 131 132 129 137 142 145 148 150 153 153 150 148 152 156 160 173 182 186 176 140 117 123 143 157 173 189 189 182 163 157 155 161 171 177 178 177 175 172 166 160 155 152 152 151 150 150
149 148 148 148 148 148 148 148 148 149 149 150 151 152 154 156 158 158 159 158 159 159 159 157 158 155 150 150 155 151 149 144 137 130 127 123 123 123 120 121 122 128 135 126 125 134 133 126 127 131 133 143 145 152 153 150 148 151 155 161 176 184 187 178 148 126 116 132 149 163 180 187 187 178 164 159 159 167 174 174 173 171 168 162 158 152 153 155 153 151 152
149 149 149 149 148 148 148 147 148 148 149 149 150 152 153 155 157 157 159 159 156 156 154 155 154 154 151 148 151 143 142 147 142 136 130 127 127 127 120 125 130 133 138 139 137 140 131 124 118 118 120 123 130 143 146 148 150 153 155 164 176 185 188 185 154 127 119 126 133 144 159 174 184 183 175 164 157 158 161 163 161 161 160 157 153 154 156 158 156 153 154
151 150 150 149 148 148 148 147 147 147 147 148 150 151 153 154 155 157 158 159 158 158 155 154 155 154 154 152 149 145 139 145 147 142 135 131 127 127 127 126 133 137 139 151 138 135 132 128 126 119 116 116 121 121 125 130 150 160 165 173 178 186 189 190 167 138 123 126 132 136 144 160 174 181 179 168 165 161 155 153 148 146 150 152 152 157 159 158 156 154 154
152 151 150 149 149 148 147 147 146 146 146 147 149 151 153 154 155 157 158 158 159 159 157 158 157 156 156 156 154 151 151 141 142 140 134 126 126 132 137 136 136 137 150 146 133 126 123 117 121 120 116 115 115 116 124 120 153 173 174 176 182 186 189 191 176 151 134 127 128 134 142 150 164 176 178 176 170 165 159 154 149 146 146 150 152 154 158 157 155 156 159
153 152 151 150 149 149 147 146 146 145 145 147 149 151 153 154 155 156 157 158 159 159 158 158 159 158 158 157 155 156 153 146 147 141 139 134 130 135 143 144 140 144 149 144 140 131 120 119 121 120 122 120 119 115 118 118 153 176 180 179 182 186 190 192 185 155 136 128 133 138 145 150 160 165 173 175 170 161 156 157 153 149 147 149 154 158 160 160 160 160 160
154 153 152 151 150 149 148 147 146 144 144 146 149 151 153 154 155 156 157 158 159 159 159 158 158 158 158 158 157 156 156 154 152 150 142 134 128 134 147 149 150 152 138 132 138 137 129 129 130 127 120 116 113 112 112 125 150 172 178 181 185 189 191 193 188 162 145 128 132 142 150 165 172 161 171 172 165 155 150 150 151 148 145 151 158 160 160 160 159 157 156
155 154 153 152 151 150 149 148 147 146 146 149 151 152 154 154 155 156 157 158 158 159 159 159 158 158 158 158 158 156 156 156 156 154 148 141 139 130 141 151 154 149 142 132 129 136 137 135 131 124 121 115 111 110 117 126 120 152 162 171 181 187 191 192 190 168 143 136 140 154 165 175 170 175 181 179 169 166 160 154 151 152 155 158 159 159 157 156 152 151 151
156 154 153 152 151 150 150 149 149 149 150 152 153 154 154 155 156 157 157 158 159 159 159 159 159 159 159 158 158 156 156 154 156 155 152 149 141 133 138 147 151 135 127 121 124 124 128 132 133 123 114 115 112 111 114 113 120 141 150 157 161 168 186 190 190 178 149 143 150 165 176 175 164 179 182 181 179 173 153 156 162 163 163 162 156 154 153 151 148 147 150
155 154 153 152 151 151 151 150 151 151 153 155 155 155 156 156 157 157 157 158 159 159 159 159 159 159 159 158 156 156 155 155 154 152 151 154 146 137 137 148 149 126 122 122 123 121 118 118 127 124 117 114 114 117 113 110 117 131 135 130 132 141 171 187 188 181 149 145 149 163 175 165 160 178 180 181 179 177 162 148 167 171 171 169 163 159 156 150 146 147 152
153 153 152 152 152 152 151 152 152 153 154 156 156 156 156 157 157 158 158 158 159 159 159 159 160 159 159 157 156 156 155 154 154 154 155 155 154 144 141 150 149 131 128 126 124 122 119 117 120 125 122 124 119 111 112 110 115 123 124 118 124 128 160 184 185 185 170 155 146 150 152 145 157 164 177 180 179 178 173 159 165 173 173 171 166 158 152 146 147 152 158
150 151 151 152 152 152 152 153 154 154 155 156 157 157 157 157 158 158 158 158 159 159 159 159 160 159 159 158 157 156 154 153 153 152 152 152 152 151 149 151 146 143 131 124 121 118 118 117 118 117 116 115 116 117 114 108 112 114 119 114 119 122 140 169 183 184 181 171 155 142 140 143 149 154 169 179 178 178 173 166 162 168 173 172 168 160 152 148 151 155 159
148 149 151 152 152 153 153 154 154 155 156 157 157 157 158 158 158 158 159 159 159 159 159 160 160 160 159 159 157 156 155 153 152 150 151 150 148 148 148 147 140 134 127 123 121 119 116 120 121 119 120 116 113 113 111 110 108 109 114 110 116 126 139 161 177 182 182 171 157 148 142 148 148 156 168 177 176 177 176 174 167 159 173 173 170 164 157 153 152 153 157
146 148 150 152 153 153 154 155 155 156 156 157 157 158 158 158 158 159 159 159 159 159 159 159 160 160 160 159 157 156 155 154 154 149 150 147 147 148 149 145 137 137 131 123 126 120 117 117 121 120 122 119 113 111 109 109 110 117 112 108 113 119 131 150 164 178 180 165 144 142 140 142 151 158 167 168 173 173 175 175 174 159 169 172 172 166 160 156 159 159 161
145 147 150 152 153 154 155 155 156 156 157 157 158 158 159 159 159 159 159 159 159 159 159 160 160 160 160 160 160 159 159 155 155 153 151 145 144 146 146 143 139 144 142 130 132 123 119 118 120 125 119 118 117 114 111 111 111 118 118 116 111 109 122 147 165 175 178 171 138 132 136 136 147 153 160 158 165 164 174 174 171 157 165 171 172 170 166 164 163 162 158
147 148 150 152 154 154 155 156 157 157 158 158 158 158 159 159 159 159 159 159 159 159 160 160 160 160 160 160 160 160 160 158 156 151 149 147 144 144 144 146 145 146 147 137 133 129 123 122 125 122 117 115 115 114 112 115 122 119 120 113 110 109 116 142 166 174 177 172 146 131 133 127 140 150 159 160 161 157 166 169 163 156 156 169 171 171 170 168 164 161 154
151 151 152 153 154 155 156 157 157 158 158 158 159 159 159 159 159 159 159 159 159 159 159 159 160 159 159 160 160 160 160 159 156 154 152 151 149 144 142 142 142 144 142 144 143 137 120 123 129 119 117 116 121 118 116 116 130 131 120 113 111 114 112 130 161 174 175 171 145 130 124 127 140 158 165 165 161 159 156 162 161 148 149 166 170 168 170 170 167 162 151
154 154 155 156 155 156 157 157 158 158 159 159 159 159 159 159 159 159 159 159 159 159 159 159 159 159 159 159 159 159 159 158 155 154 152 152 146 143 141 142 142 141 141 145 143 140 126 136 127 119 117 120 124 126 132 128 125 119 112 113 114 111 110 124 152 172 174 174 158 140 130 127 139 162 172 171 167 161 154 167 162 143 151 164 164 161 168 170 169 166 159
159 160 161 162 159 158 158 159 159 159 160 160 160 160 160 160 160 160 159 159 159 159 159 159 158 158 158 158 158 158 157 157 156 154 154 152 149 144 142 141 141 144 141 142 139 141 146 140 135 133 123 120 132 135 116 114 115 114 112 119 114 114 114 115 132 169 173 173 167 152 138 137 156 170 173 173 172 167 164 171 160 143 143 159 149 147 162 168 169 168 166
166 166 166 165 164 160 160 160 160 161 161 161 161 160 160 160 160 160 160 159 159 159 159 158 158 158 158 157 156 156 156 155 154 154 153 152 151 147 143 145 145 143 140 142 141 139 139 142 144 146 145 146 137 121 119 121 115 114 116 126 118 116 112 112 135 162 171 172 171 164 147 138 156 170 172 172 172 171 171 171 161 152 148 155 148 145 154 165 168 168 168
170 171 171 168 166 163 162 161 161 161 161 161 161 161 161 161 160 160 160 159 159 159 158 158 158 157 157 156 155 155 154 153 153 153 153 152 151 150 149 146 146 141 140 140 142 142 143 139 131 127 142 141 144 137 138 137 126 126 131 121 113 110 110 112 133 156 168 171 171 170 158 132 138 161 171 171 171 171 170 163 157 162 158 157 147 142 149 162 168 167 167
172 173 172 168 168 167 165 164 163 163 163 162 162 162 161 161 160 160 160 159 159 159 158 158 157 157 156 155 155 154 153 152 153 152 152 152 151 152 150 148 144 141 141 140 140 142 141 141 126 123 131 120 127 123 123 127 133 131 126 123 119 115 111 112 128 151 163 168 169 169 165 135 133 151 170 171 171 170 170 167 161 165 162 159 147 145 152 165 167 167 167
169 174 175 173 175 175 171 166 164 164 164 163 163 162 161 161 161 160 160 159 159 159 158 158 157 156 156 155 154 153 152 152 152 152 152 152 152 151 149 150 145 141 141 140 140 140 143 139 126 119 120 117 119 119 115 118 123 124 117 111 109 113 109 109 120 143 156 164 168 168 167 145 126 138 158 170 170 170 170 170 168 164 163 156 154 148 157 164 167 167 166
172 174 178 177 179 178 176 170 167 165 165 164 164 163 162 161 161 160 160 159 159 158 158 157 157 156 156 155 154 153 153 152 152 152 152 152 152 152 152 152 151 146 144 143 141 142 143 144 141 131 123 118 117 115 114 117 116 115 118 111 105 108 105 105 114 126 149 159 165 167 167 158 132 130 146 165 170 170 170 170 169 164 163 158 156 151 155 162 166 166 166
179 181 180 180 181 180 179 173 168 168 166 165 164 163 162 162 161 160 160 159 159 158 158 157 157 156 155 155 154 153 153 152 152 152 152 152 152 152 152 153 153 152 149 142 141 142 142 144 144 140 133 126 119 117 115 112 110 112 111 112 104 110 109 107 105 118 139 153 159 161 166 165 150 127 136 146 164 168 169 169 169 165 161 155 154 157 155 162 166 166 165
182 183 182 181 180 179 177 173 174 170 168 167 165 164 163 162 161 161 160 159 159 158 158 157 157 156 155 155 154 153 153 152 152 152 152 152 152 152 152 152 153 153 149 144 143 144 143 143 144 145 144 133 124 122 119 114 110 111 109 108 108 110 112 110 106 108 128 145 153 160 164 165 160 139 132 133 140 156 154 159 166 165 155 147 149 153 158 163 165 166 165
180 178 181 183 182 182 181 178 179 176 172 169 166 165 164 163 162 161 160 159 159 158 158 157 157 156 155 155 154 153 153 153 152 152 152 152 152 152 152 152 153 153 153 150 149 147 143 145 144 145 146 145 137 128 126 128 124 120 112 105 107 112 117 110 106 106 113 132 149 156 162 163 164 159 148 141 132 143 148 145 149 156 152 142 142 149 155 160 164 165 165
178 176 182 185 185 184 183 184 183 182 180 175 170 167 165 163 162 161 160 159 159 158 158 158 157 156 156 155 155 154 154 153 153 152 152 151 152 152 152 152 152 153 152 151 153 149 145 150 145 145 147 144 147 147 141 133 128 118 108 109 105 107 118 110 107 107 107 114 131 149 158 163 163 163 161 154 143 134 141 146 147 144 147 147 146 151 157 158 159 165 165
185 182 175 178 184 187 186 185 184 182 181 180 174 169 166 164 163 161 161 159 159 158 158 158 157 157 156 156 155 154 154 153 153 152 152 152 151 151 151 151 151 152 153 153 154 154 151 151 145 149 150 150 147 139 129 118 117 115 109 111 114 115 120 112 111 110 108 113 117 130 152 162 162 162 162 161 154 142 141 147 149 150 150 160 162 161 156 151 153 160 163
188 186 181 182 178 183 185 185 185 184 183 180 177 172 167 165 163 162 161 160 159 159 158 158 158 157 157 156 156 155 154 154 153 153 152 152 151 151 151 151 151 151 152 153 154 155 155 155 150 151 155 148 144 144 137 130 117 116 109 109 112 118 120 110 111 115 113 115 116 130 149 161 161 161 161 161 157 143 138 147 150 151 153 161 166 166 163 149 144 153 155
190 190 187 183 186 180 175 168 170 179 184 182 179 174 169 166 164 162 161 160 159 159 159 159 158 158 158 157 156 155 155 154 153 153 152 152 151 151 150 150 150 151 152 153 155 156 157 158 155 154 152 149 139 134 121 119 113 108 107 108 110 116 122 116 115 116 117 117 116 125 144 160 160 161 161 159 156 149 141 148 151 152 154 161 167 167 166 161 152 149 143
190 190 183 180 180 186 177 167 160 160 174 178 181 179 175 168 165 163 161 160 159 159 159 159 159 159 158 158 157 156 155 155 154 153 153 152 152 151 150 150 149 150 152 154 155 156 158 157 152 153 148 147 146 141 132 117 114 111 114 114 108 116 125 118 118 118 120 120 117 122 136 158 160 159 158 156 154 153 151 150 150 150 155 162 166 166 166 165 160 151 143
189 189 190 184 174 175 183 178 169 169 170 175 177 175 179 176 168 164 162 161 160 160 160 160 160 160 159 158 157 157 156 155 154 154 153 153 153 152 151 150 150 151 152 154 156 157 158 157 154 151 148 142 139 129 124 118 113 112 117 122 116 114 126 115 114 113 120 121 121 120 141 158 158 157 154 147 146 150 151 148 148 148 155 160 160 165 166 165 162 153 147
186 187 191 192 190 185 183 182 190 190 188 186 184 182 181 178 171 166 163 162 161 161 161 161 160 160 160 159 158 157 157 156 155 155 154 154 153 152 152 151 151 152 153 155 157 158 158 158 160 157 151 141 146 147 138 120 118 114 119 127 121 117 128 119 118 117 117 121 118 117 139 155 157 154 150 140 137 143 147 147 146 150 154 154 151 162 165 165 164 159 154
188 190 189 191 193 193 187 188 184 189 189 186 182 180 177 174 171 166 164 164 163 162 162 161 161 161 160 160 159 159 158 157 156 156 155 155 154 154 153 153 153 153 154 156 158 159 159 159 156 154 153 149 153 151 140 128 132 119 122 129 129 127 127 133 127 121 120 124 122 120 139 151 155 152 149 140 134 137 136 142 146 151 154 150 146 158 165 165 165 163 158
184 188 190 190 192 193 190 194 189 184 183 184 186 179 173 170 169 168 166 165 164 163 163 163 162 162 161 160 160 159 159 159 158 157 157 156 155 155 154 154 154 154 155 157 158 160 161 161 160 157 155 152 155 152 144 143 136 119 118 123 129 132 131 134 120 119 120 124 125 123 126 145 153 153 150 146 138 136 133 137 144 147 151 149 143 157 164 165 165 165 163
180 184 187 189 192 192 193 185 189 192 189 187 187 182 174 170 168 168 167 166 165 165 164 163 163 163 162 162 161 161 160 159 159 159 158 157 157 156 156 155 155 155 156 157 158 159 161 161 161 160 159 156 156 154 148 140 140 134 125 126 134 137 138 132 121 120 121 122 123 125 126 143 152 152 146 145 142 141 138 138 143 145 149 147 138 151 162 165 165 165 165
175 179 183 185 190 191 193 191 187 187 190 188 186 182 177 175 171 170 169 168 167 166 165 165 164 163 163 162 162 161 161 161 160 160 160 159 158 157 157 156 156 156 156 157 158 159 160 160 159 160 161 160 159 151 138 131 131 124 121 123 131 134 129 130 126 121 122 121 124 129 123 139 152 153 146 147 147 146 146 143 142 143 145 143 136 148 161 165 165 165 165
