Data/environmental_layers/bio_6.asc
NCOLS 1388 
NROWS 588 
XLLCORNER -124.791663787 
YLLCORNER 24.9166710953946 
CELLSIZE 0.0416666688394528 
NODATA_value -9999 
[rows 40 to 79 of 588, columns 270 to 359 of 1388]
-128 -137 -132 -117 -118 -131 -140 -142 -135 -145 -140 -140 -138 -132 -124 -121 -132 -147 -143 -139 -135 -123 -122 -122 -123 -123 -124 -125 -125 -126 -126 -128 -128 -127 -127 -128 -128 -129 -130 -129 -128 -127 -127 -126 -126 -127 -126 -126 -126 -126 -126 -126 -127 -127 -127 -127 -127 -127 -127 -127 -127 -127 -127 -127 -127 -127 -127 -127 -128 -129 -129 -128 -129 -130 -131 -132 -133 -134 -134 -135 -137 -138 -139 -140 -142 -143 -144 -145 -145 -146
-138 -143 -137 -127 -115 -127 -141 -136 -139 -147 -144 -141 -143 -139 -126 -119 -131 -144 -138 -139 -137 -121 -120 -120 -122 -123 -124 -125 -125 -127 -127 -129 -128 -127 -127 -127 -127 -129 -128 -128 -127 -127 -126 -125 -125 -125 -125 -125 -125 -124 -125 -125 -125 -125 -126 -126 -126 -126 -126 -126 -126 -126 -126 -126 -125 -125 -125 -125 -126 -126 -127 -127 -127 -128 -129 -129 -130 -132 -132 -134 -135 -136 -138 -139 -140 -142 -143 -144 -144 -146
-129 -131 -127 -125 -114 -122 -132 -135 -137 -149 -140 -141 -149 -139 -135 -121 -120 -135 -127 -127 -129 -117 -118 -119 -120 -122 -124 -126 -127 -128 -128 -128 -127 -127 -127 -127 -126 -129 -128 -127 -126 -126 -125 -124 -123 -123 -123 -123 -123 -123 -123 -123 -124 -124 -124 -125 -125 -126 -125 -125 -124 -124 -124 -124 -124 -123 -123 -123 -124 -124 -125 -125 -124 -125 -126 -128 -129 -130 -131 -132 -134 -135 -137 -138 -139 -141 -142 -143 -144 -145
-143 -141 -134 -121 -120 -116 -126 -135 -128 -146 -142 -133 -150 -145 -134 -121 -122 -120 -117 -117 -118 -117 -117 -119 -121 -122 -123 -125 -126 -127 -127 -127 -127 -127 -127 -127 -128 -128 -128 -127 -126 -125 -124 -124 -123 -122 -121 -121 -121 -121 -121 -121 -122 -122 -123 -124 -124 -124 -124 -123 -123 -123 -123 -123 -122 -122 -121 -121 -121 -122 -122 -122 -121 -123 -125 -126 -127 -128 -129 -131 -132 -134 -136 -137 -139 -140 -141 -143 -143 -145
-129 -127 -132 -139 -128 -117 -121 -127 -136 -136 -143 -131 -132 -131 -123 -128 -136 -139 -129 -125 -137 -124 -118 -119 -120 -122 -123 -124 -125 -126 -126 -126 -126 -126 -125 -125 -125 -123 -123 -123 -123 -122 -121 -120 -120 -119 -119 -119 -119 -119 -119 -119 -120 -121 -122 -122 -123 -123 -123 -122 -122 -122 -122 -121 -121 -120 -120 -119 -118 -118 -119 -118 -119 -121 -123 -124 -125 -126 -127 -129 -131 -133 -135 -136 -138 -140 -141 -142 -142 -144
-132 -142 -143 -139 -137 -123 -119 -124 -139 -144 -144 -135 -145 -139 -133 -126 -140 -143 -134 -130 -140 -126 -119 -119 -120 -122 -124 -124 -124 -124 -123 -123 -122 -122 -122 -122 -122 -122 -120 -120 -120 -119 -118 -118 -118 -118 -118 -118 -118 -117 -118 -118 -118 -119 -120 -121 -122 -122 -122 -122 -121 -121 -120 -120 -119 -118 -118 -117 -117 -118 -121 -118 -117 -120 -120 -121 -123 -125 -126 -128 -130 -132 -134 -135 -137 -139 -140 -141 -142 -143
-139 -141 -144 -136 -136 -134 -131 -120 -126 -135 -144 -142 -144 -138 -134 -129 -128 -137 -140 -131 -127 -121 -118 -119 -120 -122 -123 -124 -124 -124 -123 -122 -121 -122 -122 -121 -120 -120 -119 -120 -122 -118 -117 -117 -118 -117 -117 -117 -116 -116 -116 -116 -117 -118 -119 -120 -121 -121 -121 -120 -120 -120 -119 -119 -118 -117 -116 -116 -116 -117 -119 -123 -123 -124 -122 -121 -121 -123 -124 -127 -129 -131 -133 -135 -136 -138 -140 -141 -142 -143
-143 -134 -132 -136 -142 -137 -128 -138 -125 -127 -126 -129 -139 -144 -135 -135 -134 -134 -138 -133 -123 -118 -119 -119 -120 -121 -122 -123 -124 -123 -122 -121 -122 -120 -119 -119 -119 -119 -118 -117 -118 -117 -118 -119 -116 -116 -116 -115 -115 -115 -115 -115 -116 -116 -117 -119 -119 -119 -120 -119 -119 -118 -118 -117 -117 -116 -116 -119 -125 -128 -127 -124 -130 -126 -119 -119 -120 -122 -124 -126 -128 -130 -132 -134 -136 -138 -139 -141 -141 -142
-145 -139 -142 -139 -137 -135 -134 -128 -130 -140 -127 -125 -129 -137 -146 -136 -137 -139 -139 -129 -123 -123 -122 -121 -121 -121 -121 -122 -123 -122 -122 -122 -121 -119 -119 -118 -117 -118 -117 -115 -114 -114 -114 -114 -114 -114 -114 -114 -114 -114 -114 -115 -115 -116 -117 -117 -118 -118 -118 -118 -118 -118 -117 -116 -116 -116 -115 -115 -117 -123 -127 -124 -126 -118 -118 -118 -120 -121 -123 -126 -127 -129 -131 -133 -136 -137 -139 -140 -140 -141
-131 -146 -140 -138 -138 -136 -129 -139 -137 -137 -136 -129 -127 -134 -147 -145 -145 -138 -142 -133 -127 -133 -131 -123 -121 -121 -121 -121 -121 -121 -121 -120 -119 -119 -119 -117 -117 -118 -116 -115 -114 -113 -113 -113 -113 -113 -113 -113 -113 -114 -114 -115 -115 -116 -117 -117 -117 -117 -117 -117 -117 -117 -116 -115 -115 -115 -114 -115 -116 -121 -117 -115 -115 -115 -116 -117 -119 -121 -122 -124 -126 -128 -130 -133 -135 -137 -138 -139 -140 -140
-128 -133 -142 -143 -142 -137 -138 -143 -143 -147 -142 -132 -127 -133 -144 -147 -149 -147 -140 -134 -133 -140 -132 -128 -129 -123 -120 -120 -121 -120 -119 -118 -117 -116 -115 -115 -117 -119 -118 -115 -116 -114 -114 -113 -112 -112 -112 -113 -114 -113 -113 -114 -115 -116 -118 -117 -117 -117 -117 -117 -117 -116 -116 -115 -115 -114 -114 -114 -115 -115 -114 -114 -114 -115 -116 -117 -118 -120 -121 -123 -124 -126 -128 -131 -133 -136 -137 -138 -138 -139
-124 -128 -128 -141 -140 -136 -142 -143 -132 -143 -143 -139 -132 -131 -138 -139 -144 -136 -140 -142 -131 -129 -131 -135 -127 -123 -126 -121 -119 -119 -118 -116 -115 -115 -112 -112 -115 -117 -119 -122 -120 -114 -112 -112 -111 -112 -111 -112 -113 -113 -113 -113 -114 -115 -116 -117 -117 -117 -117 -117 -117 -117 -116 -115 -115 -115 -114 -114 -113 -114 -114 -113 -114 -114 -115 -116 -117 -118 -120 -121 -123 -125 -127 -129 -131 -132 -135 -136 -136 -137
-120 -126 -123 -129 -142 -142 -142 -137 -134 -132 -145 -139 -138 -131 -129 -136 -135 -144 -143 -144 -139 -138 -137 -134 -133 -126 -132 -125 -118 -116 -115 -114 -112 -111 -110 -109 -112 -113 -118 -124 -118 -116 -111 -110 -111 -111 -111 -112 -112 -113 -113 -112 -114 -115 -116 -117 -118 -118 -118 -118 -118 -118 -115 -117 -117 -117 -116 -115 -115 -114 -114 -114 -114 -114 -115 -116 -116 -118 -118 -120 -121 -123 -125 -126 -128 -130 -132 -133 -134 -135
-119 -121 -122 -126 -138 -134 -137 -133 -129 -131 -137 -141 -134 -140 -132 -133 -132 -136 -141 -142 -139 -140 -148 -141 -135 -139 -134 -124 -119 -115 -115 -111 -110 -110 -107 -107 -106 -106 -110 -117 -113 -107 -109 -110 -112 -113 -112 -112 -113 -113 -112 -112 -113 -116 -120 -120 -119 -119 -119 -121 -121 -119 -116 -118 -119 -119 -117 -115 -119 -118 -116 -115 -115 -115 -115 -115 -116 -117 -118 -119 -120 -121 -122 -124 -126 -128 -129 -131 -131 -132
-122 -122 -123 -129 -130 -127 -131 -131 -128 -127 -136 -139 -132 -136 -133 -143 -136 -138 -135 -139 -137 -133 -136 -138 -139 -133 -133 -125 -121 -118 -121 -114 -114 -111 -108 -107 -109 -103 -102 -105 -105 -111 -110 -114 -121 -124 -115 -115 -114 -112 -113 -114 -117 -115 -115 -120 -124 -121 -122 -125 -127 -122 -117 -119 -119 -120 -118 -118 -119 -119 -122 -125 -118 -117 -116 -116 -116 -116 -116 -117 -118 -119 -121 -122 -124 -125 -126 -127 -128 -130
-122 -124 -125 -125 -127 -125 -126 -127 -126 -126 -129 -135 -138 -129 -127 -138 -144 -135 -143 -150 -139 -130 -129 -129 -134 -129 -134 -127 -123 -123 -118 -122 -115 -110 -113 -106 -100 -98 -98 -103 -112 -119 -123 -121 -125 -126 -122 -116 -113 -114 -119 -118 -118 -118 -115 -122 -126 -124 -128 -131 -121 -121 -119 -119 -119 -120 -121 -124 -134 -129 -134 -126 -123 -126 -118 -117 -116 -116 -117 -116 -117 -118 -119 -120 -121 -122 -123 -124 -126 -127
-128 -126 -126 -125 -128 -128 -126 -127 -126 -126 -127 -128 -129 -127 -125 -126 -135 -138 -147 -143 -143 -134 -128 -124 -124 -124 -125 -125 -130 -125 -121 -115 -114 -111 -105 -101 -101 -95 -99 -103 -108 -115 -125 -128 -130 -125 -122 -116 -115 -114 -119 -123 -121 -117 -115 -120 -121 -124 -131 -129 -127 -128 -127 -132 -123 -119 -126 -125 -126 -126 -132 -130 -132 -126 -119 -119 -119 -117 -117 -117 -116 -117 -118 -118 -119 -120 -121 -123 -124 -126
-128 -127 -126 -124 -125 -128 -127 -127 -128 -128 -128 -128 -127 -126 -126 -127 -133 -131 -128 -129 -131 -130 -127 -121 -123 -120 -122 -127 -130 -133 -126 -124 -118 -110 -104 -99 -91 -104 -116 -115 -113 -115 -120 -122 -122 -120 -121 -117 -117 -120 -126 -119 -117 -116 -117 -123 -128 -128 -133 -132 -135 -131 -132 -140 -126 -124 -121 -125 -130 -133 -130 -137 -128 -127 -124 -123 -121 -119 -118 -117 -116 -117 -117 -117 -118 -118 -120 -121 -123 -124
-124 -126 -126 -125 -127 -129 -131 -131 -131 -130 -130 -129 -129 -128 -130 -127 -128 -132 -126 -122 -120 -120 -122 -120 -121 -124 -126 -127 -129 -131 -131 -115 -118 -113 -106 -105 -101 -96 -109 -117 -116 -122 -124 -127 -124 -119 -119 -120 -121 -125 -127 -122 -120 -117 -118 -123 -122 -125 -130 -126 -132 -134 -138 -138 -130 -131 -125 -131 -136 -142 -149 -139 -129 -137 -131 -127 -128 -125 -120 -118 -117 -117 -117 -117 -117 -118 -119 -120 -122 -123
-123 -122 -122 -125 -129 -132 -133 -134 -134 -132 -132 -131 -130 -129 -129 -128 -127 -126 -124 -122 -121 -120 -120 -123 -130 -130 -135 -131 -123 -129 -131 -126 -114 -109 -109 -118 -119 -104 -99 -108 -116 -121 -128 -136 -128 -131 -125 -126 -129 -128 -129 -127 -122 -121 -117 -122 -126 -123 -127 -133 -130 -132 -134 -139 -141 -137 -132 -130 -141 -139 -142 -142 -141 -135 -134 -131 -133 -124 -123 -122 -118 -117 -116 -117 -117 -118 -119 -119 -121 -122
-124 -127 -126 -128 -131 -133 -135 -135 -133 -133 -133 -133 -132 -131 -130 -129 -131 -132 -129 -126 -127 -126 -129 -130 -131 -136 -129 -124 -119 -120 -125 -119 -113 -107 -108 -117 -118 -118 -101 -109 -121 -127 -133 -138 -132 -135 -136 -136 -133 -132 -124 -122 -119 -121 -119 -121 -126 -129 -130 -128 -131 -136 -139 -141 -141 -138 -138 -135 -132 -138 -142 -139 -139 -141 -134 -126 -126 -119 -117 -117 -120 -118 -118 -118 -118 -118 -119 -120 -120 -121
-123 -126 -130 -132 -132 -132 -136 -136 -136 -134 -133 -133 -134 -133 -131 -130 -133 -137 -134 -133 -136 -135 -135 -137 -135 -138 -134 -123 -118 -116 -116 -117 -113 -119 -114 -112 -106 -107 -112 -112 -125 -123 -128 -124 -127 -131 -134 -131 -128 -129 -123 -121 -118 -120 -120 -121 -119 -120 -123 -124 -126 -128 -130 -135 -132 -139 -141 -141 -139 -141 -139 -133 -128 -129 -130 -126 -122 -118 -117 -119 -123 -120 -119 -119 -118 -119 -119 -119 -120 -121
-127 -129 -132 -134 -133 -134 -135 -135 -135 -133 -134 -134 -134 -133 -132 -132 -130 -130 -129 -128 -130 -134 -136 -136 -141 -130 -127 -121 -118 -115 -113 -112 -113 -120 -118 -115 -110 -105 -104 -110 -112 -112 -118 -132 -135 -132 -130 -134 -135 -131 -124 -124 -127 -126 -126 -127 -118 -118 -121 -124 -126 -127 -127 -128 -133 -135 -135 -140 -137 -141 -135 -138 -139 -135 -127 -126 -128 -123 -120 -121 -123 -123 -121 -121 -120 -119 -118 -119 -120 -120
-129 -132 -132 -131 -132 -133 -134 -135 -133 -134 -135 -134 -133 -135 -134 -138 -135 -132 -129 -126 -126 -127 -131 -141 -140 -130 -123 -124 -126 -127 -120 -114 -112 -114 -115 -114 -113 -114 -114 -109 -113 -113 -115 -123 -124 -123 -130 -132 -136 -139 -130 -126 -127 -125 -123 -121 -117 -118 -122 -124 -127 -127 -128 -126 -127 -129 -130 -133 -136 -143 -144 -140 -133 -129 -133 -133 -127 -123 -127 -132 -131 -127 -126 -127 -124 -124 -120 -119 -120 -121
-125 -130 -133 -131 -132 -133 -135 -135 -134 -134 -134 -133 -135 -135 -135 -139 -141 -136 -133 -129 -127 -127 -131 -138 -145 -138 -133 -131 -135 -133 -127 -120 -114 -113 -114 -111 -110 -110 -110 -109 -108 -110 -115 -115 -124 -130 -126 -132 -130 -129 -132 -128 -126 -125 -121 -118 -119 -118 -120 -122 -125 -129 -131 -129 -126 -129 -134 -135 -134 -135 -135 -137 -138 -133 -131 -127 -126 -127 -137 -143 -140 -135 -138 -134 -131 -127 -126 -126 -123 -121
-126 -126 -127 -129 -131 -134 -135 -137 -140 -138 -136 -133 -135 -133 -133 -135 -138 -137 -137 -132 -129 -128 -128 -131 -133 -133 -136 -131 -131 -135 -127 -120 -116 -116 -115 -113 -111 -110 -109 -109 -110 -108 -114 -114 -119 -123 -126 -127 -124 -130 -134 -130 -126 -125 -121 -119 -119 -119 -121 -124 -126 -127 -127 -127 -127 -130 -128 -125 -125 -126 -127 -130 -133 -132 -131 -132 -134 -136 -141 -140 -138 -137 -131 -127 -124 -123 -122 -122 -122 -121
-132 -131 -130 -129 -130 -132 -132 -137 -141 -143 -142 -138 -135 -134 -133 -133 -133 -136 -135 -136 -131 -128 -127 -127 -126 -126 -130 -133 -129 -128 -122 -118 -118 -117 -116 -116 -114 -113 -113 -112 -112 -110 -111 -110 -110 -112 -115 -119 -126 -131 -128 -133 -132 -129 -125 -123 -120 -121 -120 -121 -124 -125 -126 -126 -127 -126 -124 -124 -123 -123 -123 -123 -124 -126 -125 -128 -130 -131 -131 -132 -129 -126 -123 -122 -121 -121 -120 -120 -120 -121
-138 -133 -129 -130 -129 -130 -134 -136 -139 -140 -139 -139 -138 -136 -134 -134 -133 -133 -133 -134 -132 -128 -127 -126 -126 -125 -127 -133 -129 -134 -129 -124 -120 -119 -118 -119 -119 -118 -116 -114 -114 -112 -113 -117 -109 -109 -110 -112 -116 -124 -127 -129 -135 -137 -131 -126 -123 -124 -123 -122 -122 -124 -128 -129 -125 -124 -124 -125 -124 -124 -122 -120 -120 -120 -124 -126 -120 -119 -120 -121 -121 -119 -120 -120 -119 -118 -118 -118 -119 -120
-140 -140 -136 -128 -127 -129 -131 -134 -135 -136 -134 -134 -134 -135 -134 -133 -133 -132 -132 -131 -130 -130 -129 -128 -128 -128 -127 -127 -130 -134 -125 -121 -120 -120 -122 -121 -122 -120 -119 -117 -117 -116 -114 -118 -117 -109 -109 -110 -112 -118 -123 -140 -150 -151 -139 -130 -127 -126 -125 -124 -122 -123 -124 -125 -124 -125 -128 -127 -126 -126 -124 -120 -118 -119 -118 -117 -116 -116 -117 -117 -117 -116 -117 -118 -117 -117 -117 -117 -117 -118
-134 -143 -143 -130 -127 -127 -129 -131 -130 -130 -131 -132 -131 -133 -133 -133 -133 -132 -131 -131 -131 -133 -132 -130 -133 -137 -133 -128 -132 -135 -129 -131 -130 -127 -128 -129 -125 -121 -120 -121 -121 -125 -120 -117 -116 -113 -110 -110 -111 -114 -120 -132 -141 -143 -143 -138 -131 -129 -127 -125 -124 -123 -123 -125 -126 -129 -136 -133 -133 -130 -129 -123 -124 -120 -118 -115 -114 -114 -115 -114 -115 -115 -115 -115 -115 -114 -115 -116 -116 -117
-133 -134 -143 -131 -131 -130 -126 -127 -128 -132 -142 -141 -139 -134 -132 -132 -132 -132 -132 -130 -131 -132 -134 -133 -136 -139 -135 -138 -135 -140 -135 -135 -135 -129 -126 -124 -122 -121 -123 -125 -125 -133 -133 -123 -117 -115 -113 -110 -109 -112 -115 -122 -126 -129 -140 -144 -140 -136 -131 -126 -125 -125 -124 -125 -127 -138 -147 -144 -138 -133 -126 -125 -123 -125 -122 -115 -114 -113 -113 -112 -113 -113 -113 -113 -112 -113 -113 -114 -114 -115
-130 -129 -146 -134 -130 -129 -126 -128 -129 -139 -150 -153 -153 -148 -134 -133 -132 -133 -133 -131 -131 -131 -134 -138 -142 -140 -140 -140 -142 -144 -144 -147 -140 -135 -127 -125 -124 -122 -124 -130 -133 -145 -142 -130 -127 -117 -112 -110 -110 -111 -113 -118 -123 -128 -142 -153 -155 -146 -139 -130 -128 -126 -125 -125 -127 -132 -141 -138 -130 -124 -121 -119 -118 -116 -117 -114 -117 -114 -112 -112 -112 -111 -111 -111 -111 -111 -112 -112 -112 -113
-127 -128 -142 -130 -127 -122 -130 -135 -136 -137 -148 -157 -152 -150 -146 -138 -131 -132 -132 -131 -131 -131 -134 -139 -145 -144 -145 -147 -144 -146 -151 -147 -146 -135 -129 -126 -123 -125 -129 -139 -148 -150 -150 -146 -138 -122 -113 -110 -110 -110 -112 -116 -121 -125 -131 -136 -140 -136 -134 -136 -130 -128 -126 -125 -125 -125 -129 -129 -124 -122 -120 -120 -118 -117 -116 -116 -118 -115 -114 -113 -112 -114 -112 -112 -114 -113 -113 -114 -114 -113
-124 -124 -132 -129 -121 -119 -131 -143 -151 -151 -148 -160 -159 -164 -156 -140 -130 -131 -131 -130 -131 -133 -137 -142 -152 -150 -149 -145 -143 -145 -152 -145 -148 -137 -130 -127 -129 -132 -139 -146 -143 -140 -140 -142 -140 -127 -117 -112 -110 -111 -113 -117 -120 -123 -126 -128 -130 -130 -133 -131 -129 -129 -127 -127 -126 -124 -123 -123 -123 -122 -122 -127 -126 -120 -118 -117 -118 -120 -117 -117 -118 -120 -115 -113 -114 -116 -116 -114 -113 -114
-122 -126 -131 -135 -122 -119 -129 -145 -153 -157 -152 -150 -156 -152 -144 -131 -129 -130 -130 -130 -132 -134 -143 -153 -152 -150 -151 -145 -143 -141 -143 -142 -143 -138 -130 -129 -135 -146 -152 -156 -153 -144 -133 -131 -131 -127 -121 -116 -110 -111 -115 -117 -120 -122 -125 -129 -129 -132 -139 -131 -128 -127 -127 -127 -126 -125 -122 -122 -122 -124 -124 -131 -142 -133 -124 -121 -123 -125 -124 -120 -118 -116 -115 -114 -115 -115 -113 -114 -114 -115
-125 -129 -131 -133 -121 -123 -136 -150 -155 -156 -159 -158 -151 -139 -130 -126 -127 -128 -129 -129 -132 -136 -140 -147 -145 -142 -142 -140 -137 -138 -136 -135 -133 -133 -126 -127 -136 -137 -141 -150 -145 -140 -136 -129 -125 -124 -124 -121 -114 -111 -114 -117 -120 -125 -129 -131 -134 -135 -134 -131 -128 -127 -128 -127 -124 -123 -122 -122 -122 -125 -124 -131 -142 -137 -132 -132 -134 -144 -140 -124 -119 -118 -117 -116 -116 -116 -115 -115 -115 -115
-128 -137 -139 -127 -124 -130 -139 -146 -148 -153 -152 -155 -154 -145 -135 -126 -125 -127 -128 -129 -133 -138 -144 -145 -145 -145 -140 -146 -140 -143 -147 -139 -135 -130 -126 -127 -135 -132 -136 -135 -138 -139 -139 -130 -124 -119 -118 -118 -114 -112 -114 -118 -121 -126 -133 -134 -131 -132 -130 -132 -126 -126 -126 -126 -125 -124 -123 -122 -122 -123 -123 -130 -128 -142 -136 -141 -150 -149 -137 -125 -121 -119 -119 -118 -118 -116 -115 -114 -114 -114
-129 -129 -132 -129 -135 -138 -137 -142 -139 -137 -142 -146 -144 -135 -129 -123 -124 -126 -127 -131 -136 -142 -143 -146 -149 -147 -143 -147 -142 -150 -148 -145 -137 -132 -129 -128 -129 -127 -126 -128 -131 -134 -131 -127 -123 -118 -116 -115 -114 -113 -114 -119 -122 -126 -130 -140 -134 -134 -133 -128 -131 -129 -130 -131 -128 -126 -125 -121 -123 -126 -123 -128 -123 -132 -130 -131 -134 -143 -138 -124 -122 -120 -121 -122 -117 -115 -116 -115 -116 -116
-139 -133 -134 -135 -142 -146 -146 -145 -144 -141 -140 -137 -125 -124 -122 -121 -123 -125 -127 -133 -140 -143 -143 -143 -145 -144 -146 -142 -147 -155 -148 -147 -144 -137 -135 -142 -128 -123 -123 -124 -126 -127 -128 -126 -122 -118 -116 -114 -114 -114 -115 -120 -122 -122 -125 -132 -130 -129 -126 -125 -131 -131 -134 -130 -133 -132 -125 -120 -122 -122 -119 -119 -120 -124 -131 -142 -147 -147 -139 -132 -124 -122 -118 -118 -116 -116 -117 -116 -117 -118
-138 -142 -143 -149 -147 -158 -155 -156 -163 -163 -164 -160 -148 -136 -129 -123 -123 -124 -127 -135 -141 -139 -140 -143 -146 -149 -144 -143 -150 -151 -150 -150 -137 -132 -132 -152 -137 -127 -123 -122 -123 -125 -124 -123 -120 -118 -116 -115 -115 -117 -118 -117 -119 -124 -129 -129 -125 -125 -126 -126 -129 -135 -129 -130 -135 -131 -124 -120 -119 -119 -117 -117 -119 -127 -146 -157 -154 -151 -141 -133 -134 -125 -120 -117 -115 -115 -114 -114 -115 -116
