Data/environmental_layers/bio_12.asc
NCOLS 1388 
NROWS 588 
XLLCORNER -124.791663787 
YLLCORNER 24.9166710953946 
CELLSIZE 0.0416666688394528 
NODATA_value -9999 
[rows 234 to 272 of 588, columns 792 to 879 of 1388]
999 1003 1000 996 989 984 980 976 974 969 971 970 956 951 953 951 954 958 960 959 957 955 952 947 943 939 935 936 926 931 932 934 934 936 936 942 942 942 943 944 943 944 943 939 938 936 932 930 931 931 930 930 930 933 934 940 941 944 949 950 955 959 963 964 966 968 970 978 983 989 989 989 988 986 989 991 991 991 993 994 993 995 994 999 999 1000 1001 1002
1000 1001 999 995 986 981 973 970 967 966 964 966 965 963 952 951 950 958 960 956 958 957 956 949 945 941 940 936 930 926 931 930 929 932 933 939 940 942 945 945 944 942 941 943 939 937 936 936 935 934 934 936 936 937 938 942 944 946 951 954 956 963 965 967 970 971 974 977 984 989 988 986 989 987 989 994 991 990 990 994 995 995 995 998 1000 1001 1002 1001
999 998 997 994 985 985 983 979 977 972 964 958 960 958 959 953 952 951 957 958 959 955 954 948 944 942 939 940 937 923 924 929 931 932 936 940 941 939 941 941 941 941 941 939 940 944 944 941 940 938 939 940 941 942 944 946 947 951 954 956 962 963 966 968 970 973 977 977 981 988 989 988 988 988 989 990 990 990 993 993 994 997 1000 1001 1002 1001 1003 1005
996 993 996 995 993 988 985 984 978 970 967 965 961 957 955 952 954 951 951 951 961 956 954 950 944 945 943 939 935 925 927 932 933 932 933 934 933 933 936 938 940 939 943 945 946 948 947 945 947 945 945 946 947 946 948 950 952 956 958 961 963 967 971 972 974 976 979 981 982 987 989 988 991 990 988 989 989 991 992 993 998 998 1000 999 1002 1001 1005 1006
994 995 996 995 994 992 987 983 974 970 974 966 965 962 958 953 955 954 954 950 949 952 954 949 942 943 942 941 930 925 932 931 928 930 932 931 931 931 935 939 942 945 947 946 947 947 948 949 950 949 949 950 949 952 953 954 956 957 960 965 967 971 974 977 979 980 983 982 984 987 987 991 991 991 991 992 993 995 998 1000 1001 1003 1004 1003 1004 1005 1007 1008
999 996 996 996 994 992 989 984 983 980 976 974 967 970 967 962 961 961 956 953 948 946 946 946 946 946 944 943 928 925 932 931 925 925 924 925 926 936 938 942 945 947 946 949 948 946 949 949 950 953 954 952 953 955 957 957 960 961 964 966 968 973 976 981 985 985 987 987 984 984 986 989 989 992 994 995 999 1000 1003 1005 1002 1007 1009 1009 1008 1009 1009 1013
995 995 993 996 995 990 989 989 987 981 981 979 973 970 970 963 957 956 959 954 949 946 946 951 955 951 947 942 930 927 933 930 929 922 923 927 932 938 940 946 946 947 947 948 947 950 950 953 953 954 953 954 957 958 959 960 963 964 968 968 972 978 981 985 987 987 989 990 990 986 988 988 990 992 994 994 998 996 998 999 1000 1003 1005 1007 1012 1012 1010 1013
994 994 995 995 995 993 993 990 987 985 981 979 977 975 973 965 962 959 961 957 956 948 948 945 951 954 949 942 933 931 935 929 929 928 928 934 936 939 943 945 946 947 948 950 953 951 952 953 954 955 956 959 961 962 963 964 966 967 970 973 975 978 984 988 988 987 988 989 988 987 985 987 989 992 993 994 996 996 998 1001 1002 1004 1005 1004 1007 1010 1010 1011
993 996 997 998 996 994 993 992 989 985 981 979 974 973 974 973 969 964 960 959 956 954 949 946 944 951 952 949 934 934 940 938 936 938 939 941 941 940 942 944 946 948 951 953 951 953 953 955 955 956 960 964 963 964 965 967 969 970 971 976 977 981 983 983 988 988 987 989 989 985 987 986 991 994 995 996 997 1000 1000 1005 1007 1007 1007 1008 1008 1009 1013 1009
992 996 994 994 993 995 993 991 987 983 977 974 972 971 970 969 970 971 967 962 957 954 951 947 945 949 955 951 939 934 944 941 938 937 939 940 940 941 945 947 950 952 955 955 955 954 954 956 958 961 963 963 966 967 968 969 970 973 974 976 983 980 979 982 986 987 987 988 987 987 988 989 992 996 998 998 1002 1003 1005 1008 1009 1009 1008 1010 1011 1011 1012 1015
993 995 994 994 994 994 994 990 987 984 980 972 973 969 968 967 968 968 967 965 960 957 955 950 949 947 956 954 941 939 948 947 940 938 938 940 942 944 948 953 953 956 958 956 958 956 959 960 964 966 968 965 967 971 971 971 976 974 976 976 979 979 979 981 983 985 982 985 985 988 989 993 994 997 1000 1000 1005 1005 1009 1008 1011 1011 1011 1011 1013 1013 1012 1019
995 994 994 997 995 993 989 990 985 983 980 974 968 964 965 964 963 965 968 968 967 962 956 959 951 951 955 959 942 941 944 942 944 947 947 947 948 951 954 960 960 958 961 960 962 963 962 964 966 967 970 971 970 970 974 976 975 975 974 977 975 977 979 982 980 981 981 984 985 987 991 997 996 998 1004 1006 1006 1006 1008 1010 1011 1014 1014 1016 1014 1013 1019 1022
993 994 996 996 995 993 989 989 984 980 979 975 971 969 966 960 960 962 964 969 967 965 963 960 956 952 949 959 946 947 953 954 952 952 952 952 954 955 961 962 966 963 964 964 965 964 966 967 967 970 972 971 972 971 973 976 975 976 974 974 974 974 975 976 981 980 982 983 982 989 994 997 999 1001 1006 1005 1007 1010 1012 1013 1015 1015 1016 1019 1019 1017 1020 1025
994 993 997 995 997 992 991 991 985 982 978 974 971 969 966 964 962 958 959 968 968 970 970 968 961 953 951 960 949 949 957 959 957 954 956 958 957 962 962 968 966 968 968 968 969 967 967 967 970 973 971 970 970 968 971 974 973 974 971 971 970 973 974 975 975 978 978 982 985 994 996 999 1003 1004 1006 1006 1005 1011 1015 1014 1018 1020 1020 1020 1023 1024 1022 1026
993 993 992 996 995 995 992 989 985 982 978 973 971 968 967 965 963 961 959 965 964 967 969 965 962 954 952 962 952 950 958 956 956 956 958 963 963 964 967 968 972 971 970 969 968 968 968 969 970 970 969 970 967 967 968 970 970 970 970 971 969 968 970 973 976 972 978 985 989 995 1000 1002 1007 1006 1008 1009 1009 1013 1016 1016 1019 1021 1024 1025 1025 1024 1023 1029
991 993 990 993 993 992 992 988 986 983 981 975 972 969 964 963 959 960 958 962 962 964 965 963 962 955 954 963 957 953 966 968 964 963 963 964 964 964 968 972 969 970 969 968 968 968 965 966 969 970 970 967 968 968 968 969 970 966 968 968 968 968 968 969 973 973 982 987 994 997 1001 1007 1008 1008 1009 1010 1012 1013 1016 1021 1024 1026 1027 1027 1027 1031 1029 1032
990 991 989 990 990 993 994 993 988 985 981 976 973 968 965 962 963 962 963 962 960 961 961 961 959 954 956 959 955 953 960 963 965 968 965 965 961 966 971 971 967 967 969 970 970 966 966 968 969 969 969 966 968 968 968 966 967 964 964 968 966 968 966 970 974 973 983 989 996 1001 1004 1008 1011 1012 1011 1014 1017 1015 1020 1023 1026 1027 1027 1030 1031 1032 1033 1032
988 993 994 994 989 992 992 993 992 988 983 978 973 970 964 965 962 960 962 964 962 957 958 959 959 954 956 959 958 956 954 955 956 956 957 958 962 966 972 968 967 966 967 968 966 963 967 967 966 967 968 968 966 965 965 966 963 963 967 965 970 965 970 974 974 978 988 993 999 1004 1008 1009 1012 1014 1016 1020 1020 1020 1024 1024 1028 1030 1032 1033 1034 1039 1041 1038
989 991 994 993 987 991 996 995 993 989 985 980 976 970 965 961 962 961 961 961 960 960 959 959 959 956 954 956 959 959 955 953 955 955 957 957 957 962 967 966 964 967 967 965 966 965 966 965 965 966 967 965 963 964 962 963 963 965 964 969 969 970 972 974 977 984 991 997 1004 1007 1010 1015 1018 1018 1021 1021 1024 1024 1026 1029 1034 1034 1036 1035 1038 1041 1045 1044
990 990 991 989 988 988 994 996 994 993 988 983 980 973 965 959 959 961 960 962 963 962 961 961 962 960 955 957 955 952 952 954 954 954 956 964 962 960 961 962 961 962 965 965 962 966 964 963 964 966 965 963 964 965 962 962 963 965 968 970 970 973 977 978 985 991 997 1003 1006 1012 1013 1016 1021 1025 1026 1028 1025 1028 1032 1034 1033 1036 1038 1038 1042 1043 1046 1047
992 993 997 996 995 991 987 988 991 989 988 983 982 976 968 961 961 965 965 967 964 967 965 965 961 962 959 958 955 955 957 954 954 956 962 961 964 963 962 959 960 960 962 965 966 966 963 963 964 964 963 966 965 965 963 964 965 969 970 971 973 977 979 984 990 997 1000 1006 1011 1017 1019 1022 1024 1029 1030 1029 1031 1034 1034 1035 1037 1039 1040 1043 1043 1047 1051 1052
992 994 994 1000 999 998 994 990 993 995 989 988 982 976 973 969 968 967 969 971 970 970 968 964 964 966 964 960 963 966 962 957 959 963 960 966 964 961 960 957 958 958 957 967 965 963 961 960 960 963 963 965 966 965 964 967 969 970 972 975 978 980 985 991 994 1002 1007 1009 1017 1020 1025 1028 1028 1034 1034 1033 1037 1037 1039 1041 1041 1041 1044 1045 1048 1053 1060 1064
987 990 988 995 1000 997 995 992 992 989 987 984 984 982 978 973 969 970 974 974 974 969 972 967 965 965 965 967 969 967 963 962 964 967 968 963 962 960 955 956 956 955 957 964 966 963 960 959 959 963 965 964 967 969 967 968 972 974 977 980 982 986 991 997 1002 1008 1013 1017 1024 1027 1030 1032 1035 1033 1035 1041 1042 1045 1045 1044 1045 1044 1046 1049 1052 1061 1061 1064
981 985 985 987 990 991 995 999 1003 996 989 985 983 981 979 969 972 977 976 978 979 979 977 976 972 971 968 965 965 968 968 970 972 976 970 968 965 958 955 954 954 954 956 964 964 962 957 956 961 967 965 965 967 971 970 971 974 977 983 985 987 993 999 1004 1009 1013 1020 1026 1029 1030 1033 1033 1035 1036 1041 1045 1046 1050 1050 1051 1051 1050 1052 1054 1055 1062 1066 1069
989 990 992 992 994 993 1000 1003 1006 999 995 986 982 978 978 974 975 973 974 980 981 978 976 972 970 967 972 974 974 980 978 980 980 975 972 968 964 959 956 954 953 955 957 963 963 958 956 956 959 963 965 966 969 972 974 974 977 984 986 989 996 1000 1004 1011 1016 1022 1024 1027 1033 1035 1034 1037 1037 1042 1046 1050 1051 1053 1054 1054 1053 1055 1059 1058 1060 1065 1072 1072
996 994 992 992 992 1001 1002 1006 1005 999 994 994 992 986 983 978 977 976 977 980 986 983 982 976 973 980 986 986 988 988 991 985 988 983 974 968 966 962 956 956 956 957 965 964 963 959 951 953 958 963 967 967 972 973 976 979 982 985 989 996 999 1006 1013 1016 1022 1025 1029 1031 1032 1034 1041 1041 1040 1045 1050 1055 1055 1057 1056 1057 1058 1060 1060 1061 1066 1068 1073 1076
1000 999 997 994 992 997 1002 1008 1006 1003 1001 998 992 989 988 987 986 984 983 981 982 980 979 977 982 984 990 989 992 989 990 991 989 989 981 972 967 961 959 958 958 967 967 966 963 960 953 953 958 966 968 969 973 973 977 983 988 991 994 1000 1005 1011 1017 1023 1027 1030 1034 1038 1040 1043 1044 1045 1044 1048 1054 1056 1057 1059 1062 1064 1064 1064 1064 1070 1071 1073 1078 1078
1001 999 993 992 995 998 1000 1007 1008 1007 1003 996 1000 1000 996 993 990 993 992 988 987 988 985 989 990 986 993 989 985 995 995 998 988 992 986 979 971 967 972 966 967 969 969 964 961 957 953 958 961 965 969 972 975 978 982 985 987 994 997 1004 1010 1018 1025 1030 1035 1036 1041 1042 1045 1047 1051 1051 1050 1051 1056 1056 1059 1067 1067 1069 1069 1071 1071 1075 1077 1080 1081 1082
1001 998 994 992 1000 1001 1001 1005 1009 1006 1001 1002 1004 1004 1003 1001 997 1002 999 998 997 996 995 990 987 985 985 987 989 1000 1006 999 993 987 988 984 973 973 983 980 979 977 973 966 967 968 959 961 964 969 975 976 981 985 987 991 996 997 1000 1007 1015 1021 1027 1035 1043 1045 1045 1051 1054 1054 1052 1054 1055 1055 1054 1058 1062 1066 1069 1073 1075 1077 1076 1080 1081 1087 1084 1088
998 998 996 999 1005 1006 1008 1007 1011 1006 1007 1010 1012 1009 1007 1005 1004 1007 1001 1001 998 995 999 992 990 994 993 998 992 1001 1009 1005 1000 993 986 989 978 980 986 990 987 983 977 974 974 974 970 970 972 976 977 982 986 989 994 997 1000 1002 1008 1014 1020 1026 1033 1041 1043 1046 1048 1050 1053 1053 1059 1058 1055 1060 1060 1060 1065 1066 1069 1075 1081 1081 1083 1091 1087 1088 1087 1090
997 998 999 996 1001 1000 1006 1014 1012 1012 1012 1014 1009 1008 1008 1014 1013 1008 1005 1007 1003 995 999 998 999 1002 999 993 1002 1000 1008 1010 1002 995 988 985 984 992 995 999 990 987 984 979 979 979 977 978 978 981 986 992 996 999 1001 1004 1004 1008 1013 1018 1025 1033 1040 1043 1046 1049 1049 1052 1058 1059 1062 1065 1061 1062 1063 1064 1064 1067 1070 1076 1081 1087 1093 1095 1092 1089 1091 1091
1002 1002 1002 1001 1006 1006 1010 1013 1012 1011 1012 1014 1013 1010 1013 1013 1013 1015 1015 1014 1010 1006 1001 1008 1007 1007 1001 996 1004 1012 1012 1008 1002 996 992 989 991 999 1000 1006 998 993 990 987 984 984 984 987 988 991 996 999 1002 1006 1009 1012 1014 1013 1020 1025 1031 1039 1044 1045 1045 1051 1049 1052 1058 1058 1062 1066 1065 1065 1067 1069 1067 1071 1074 1075 1083 1084 1095 1092 1097 1092 1090 1096
1006 1009 1008 1006 1007 1013 1013 1012 1013 1013 1015 1011 1015 1017 1018 1018 1023 1019 1021 1018 1014 1012 1008 1010 1014 1012 1008 1001 1001 1008 1009 1010 1010 1001 994 995 1009 1010 1009 1012 1007 1000 997 993 993 990 995 997 997 1002 1003 1009 1013 1014 1016 1020 1023 1023 1027 1032 1035 1041 1045 1051 1049 1051 1053 1054 1062 1059 1062 1070 1072 1073 1072 1071 1073 1071 1075 1077 1080 1089 1094 1096 1091 1090 1090 1092
1008 1011 1009 1008 1009 1012 1011 1011 1011 1014 1013 1017 1019 1024 1025 1028 1026 1021 1021 1019 1013 1018 1016 1018 1016 1012 1008 1005 1010 1014 1007 1000 997 1000 998 998 1015 1021 1018 1019 1014 1007 1001 1001 1001 1000 1004 1005 1009 1009 1013 1017 1020 1022 1023 1027 1028 1029 1034 1033 1039 1046 1049 1053 1051 1053 1055 1058 1063 1061 1067 1073 1071 1073 1072 1076 1073 1078 1077 1079 1080 1083 1086 1096 1093 1091 1087 1089
1008 1010 1008 1011 1012 1011 1014 1011 1012 1020 1019 1023 1024 1028 1032 1032 1027 1029 1028 1025 1024 1026 1029 1025 1019 1011 1010 1012 1017 1017 1011 1006 1002 1003 1000 1002 1011 1018 1026 1024 1019 1016 1011 1008 1009 1007 1011 1015 1019 1023 1024 1026 1031 1033 1032 1034 1035 1037 1036 1037 1046 1052 1052 1052 1060 1060 1060 1063 1064 1067 1072 1075 1077 1075 1075 1079 1077 1080 1079 1083 1084 1084 1084 1088 1087 1089 1089 1089
1011 1011 1010 1013 1011 1012 1017 1016 1017 1022 1023 1021 1029 1033 1036 1032 1027 1034 1036 1029 1033 1028 1031 1030 1022 1020 1020 1019 1021 1014 1010 1011 1012 1009 1014 1005 1008 1019 1025 1027 1025 1019 1020 1016 1018 1017 1020 1026 1030 1031 1032 1037 1039 1039 1042 1042 1039 1042 1043 1047 1051 1055 1055 1058 1064 1067 1066 1067 1067 1071 1079 1081 1081 1083 1084 1087 1083 1083 1082 1082 1084 1089 1089 1086 1087 1085 1088 1087
1014 1013 1011 1011 1014 1013 1018 1022 1020 1026 1026 1029 1032 1032 1035 1032 1034 1039 1036 1034 1035 1041 1036 1035 1032 1025 1023 1028 1027 1018 1018 1023 1021 1016 1021 1017 1013 1012 1018 1028 1030 1026 1025 1023 1023 1025 1028 1030 1035 1039 1044 1045 1046 1048 1049 1051 1051 1049 1048 1055 1057 1061 1061 1063 1067 1071 1069 1068 1072 1073 1078 1084 1086 1089 1092 1088 1088 1085 1091 1092 1093 1090 1091 1089 1086 1086 1086 1087
1013 1015 1015 1015 1017 1019 1024 1024 1024 1028 1033 1033 1035 1033 1036 1030 1039 1045 1042 1039 1039 1046 1041 1038 1033 1033 1026 1032 1028 1024 1028 1030 1026 1029 1034 1026 1030 1020 1019 1019 1032 1036 1035 1033 1029 1034 1039 1042 1047 1049 1049 1049 1054 1052 1054 1059 1056 1057 1054 1058 1062 1067 1064 1066 1069 1074 1075 1074 1079 1082 1087 1091 1088 1094 1094 1098 1096 1096 1097 1095 1101 1098 1095 1094 1092 1095 1095 1092
1023 1021 1020 1019 1023 1024 1029 1028 1028 1032 1028 1030 1033 1033 1033 1037 1041 1043 1047 1045 1049 1048 1043 1038 1039 1037 1039 1034 1037 1041 1036 1042 1038 1039 1043 1034 1038 1044 1035 1026 1029 1032 1042 1039 1041 1040 1047 1050 1053 1052 1058 1054 1059 1058 1058 1064 1063 1061 1061 1064 1066 1066 1069 1069 1073 1082 1080 1080 1085 1091 1092 1090 1091 1094 1097 1101 1103 1099 1096 1097 1100 1105 1102 1099 1099 1100 1096 1098
