Data/environmental_layers/bio_8.asc
NCOLS 1388 
NROWS 588 
XLLCORNER -124.791663787 
YLLCORNER 24.9166710953946 
CELLSIZE 0.0416666688394528 
NODATA_value -9999 
[rows 205 to 245 of 588, columns 465 to 557 of 1388]
141 146 147 152 153 155 160 163 164 165 165 164 166 167 168 169 170 171 170 171 172 172 173 174 174 175 175 176 176 175 174 170 168 170 174 176 176 175 176 178 180 181 182 184 185 185 186 187 187 187 187 186 185 186 188 189 189 189 190 191 192 193 194 195 195 194 193 192 192 192 192 192 192 192 192 192 192 193 193 193 193 193 194 194 195 196 196 197 198 198 199 200 201
137 150 154 160 159 159 164 165 167 167 168 165 167 169 169 171 171 173 172 171 172 174 174 175 175 176 176 177 177 176 175 173 170 171 174 178 180 180 180 181 182 182 184 184 185 185 186 187 188 189 188 188 188 188 189 190 191 191 193 193 194 193 193 192 191 190 190 190 191 191 192 192 192 192 193 192 192 193 193 193 194 194 194 195 195 196 197 198 198 199 199 200 200
139 149 152 154 159 159 167 169 170 170 170 169 168 171 172 173 173 174 175 173 174 174 174 175 177 177 178 177 178 177 176 175 175 175 176 178 180 182 182 182 183 183 184 185 186 185 185 186 187 187 189 190 191 190 191 192 193 193 193 192 191 190 190 189 188 188 189 190 191 191 191 191 192 192 192 193 193 193 193 194 194 194 195 195 196 196 197 198 198 199 200 200 200
135 142 145 149 158 161 168 172 172 172 173 171 170 172 174 174 175 177 176 175 176 176 175 176 177 178 178 178 178 178 178 178 178 179 179 179 180 181 183 184 184 185 186 186 187 186 185 186 186 188 189 189 190 191 192 193 193 192 190 188 188 187 187 187 188 189 190 190 191 192 192 192 192 192 192 192 193 193 193 194 194 194 195 195 196 197 197 198 198 199 199 199 200
144 143 151 153 164 167 172 174 174 174 175 173 172 173 175 177 177 178 179 177 177 178 177 178 178 179 179 178 179 178 178 179 179 180 181 182 181 182 183 185 185 186 186 186 187 188 187 186 187 188 189 190 191 193 194 193 191 189 187 185 185 186 187 188 188 189 190 191 191 192 192 193 192 192 192 193 192 193 193 194 194 195 195 196 196 197 197 198 198 199 199 199 199
123 133 134 143 159 172 129 130 176 176 176 174 175 175 177 179 179 180 180 179 180 179 180 180 180 180 180 178 178 179 179 180 180 181 181 182 182 183 184 184 184 184 185 185 186 188 189 188 188 189 190 191 193 193 193 190 188 187 184 184 185 186 187 188 189 190 190 191 191 192 192 193 192 192 192 192 193 193 193 194 195 195 196 196 197 197 197 198 198 199 199 199 199
118 131 127 141 145 166 129 132 132 179 178 177 177 178 178 180 181 182 182 181 181 182 181 182 182 182 181 180 179 179 180 180 180 179 179 181 182 182 183 184 184 185 185 186 186 187 188 190 191 190 191 193 193 193 190 189 186 183 184 184 185 186 188 188 189 190 190 191 191 192 192 192 192 192 192 193 193 194 194 194 195 196 196 197 197 197 198 198 198 199 200 199 199
120 132 143 139 154 156 127 131 133 135 135 180 179 180 181 182 183 183 184 183 183 184 184 183 183 183 181 181 182 180 180 180 181 181 180 181 183 183 183 184 186 184 185 185 186 187 188 190 190 192 193 194 194 191 189 187 185 183 184 185 185 187 188 189 189 190 190 191 192 192 192 192 193 193 192 193 194 194 194 195 196 196 196 197 197 198 198 198 198 198 198 199 200
107 123 138 155 158 161 170 131 134 135 137 182 183 183 183 183 185 185 185 185 185 185 186 185 184 182 183 184 185 184 183 183 182 182 183 182 183 184 184 185 186 186 186 186 187 187 189 190 191 192 194 194 192 190 188 184 182 183 184 185 186 187 188 189 189 190 191 191 191 192 192 192 193 192 192 193 194 194 194 195 196 196 197 197 197 198 198 198 198 198 198 199 198
104 113 137 146 166 165 169 131 134 136 137 138 185 185 186 186 187 187 188 188 186 187 187 186 184 183 184 186 186 185 186 186 185 185 183 185 185 184 185 186 187 186 186 187 187 189 190 191 193 194 194 193 191 189 187 183 183 184 185 186 187 188 189 189 190 191 191 192 192 192 193 193 193 193 193 193 194 193 194 195 195 195 197 197 198 198 198 199 199 198 198 199 198
129 140 141 153 164 129 128 132 134 135 135 136 139 185 187 187 189 189 190 189 189 189 189 186 186 187 187 188 188 186 188 189 188 188 186 184 187 188 187 186 186 187 187 188 189 191 192 193 194 194 193 191 191 189 187 184 184 185 185 186 188 188 189 190 191 192 192 193 193 193 193 194 194 194 194 193 193 194 194 195 195 196 196 197 198 198 198 198 199 199 199 199 199
123 125 135 152 165 129 132 134 135 137 137 137 136 183 184 186 187 189 191 190 190 190 190 189 189 188 188 190 189 188 189 191 191 191 190 188 187 188 191 189 188 188 190 191 192 193 194 195 194 192 191 191 190 190 188 187 186 186 187 187 188 189 190 191 191 192 193 193 193 194 194 194 194 194 194 194 194 194 194 195 196 196 197 197 198 198 198 198 198 198 196 196 197
107 122 145 147 166 126 132 133 134 135 136 138 140 186 187 188 190 190 191 189 189 190 191 191 191 191 190 191 191 191 191 193 193 193 193 192 190 188 190 192 192 191 193 194 194 195 194 193 191 190 190 190 189 188 188 187 187 187 188 189 190 190 191 192 193 194 194 194 194 194 194 194 194 194 194 194 195 195 195 196 196 196 197 197 197 197 197 198 198 198 199 196 196
118 124 154 155 164 127 132 134 136 137 138 139 140 141 189 189 190 190 190 188 189 191 190 189 191 192 192 192 192 193 193 193 192 193 193 193 194 191 192 193 193 194 195 195 195 194 193 191 190 188 188 190 188 186 187 187 187 188 187 189 190 191 191 193 194 194 194 195 194 194 194 194 194 194 194 194 194 195 195 195 196 197 196 197 197 197 197 198 198 198 198 199 197
123 142 157 162 123 130 134 135 137 137 136 138 139 142 189 189 188 188 189 188 189 190 188 187 189 190 191 192 192 192 192 192 192 192 193 193 194 195 195 196 196 196 195 195 194 193 192 191 189 188 187 188 188 186 186 186 187 188 189 189 190 191 192 193 194 194 195 194 195 194 194 194 195 195 195 195 195 195 196 196 196 196 197 197 197 197 198 198 198 198 198 199 199
139 147 160 125 129 130 134 135 135 136 139 140 142 142 188 188 186 187 189 189 190 189 188 188 189 190 191 191 190 189 192 192 191 192 193 194 194 194 196 195 195 195 195 194 192 191 192 191 189 189 187 187 187 185 186 186 187 188 189 190 191 192 193 194 194 194 194 195 195 195 195 195 195 195 195 195 195 196 196 196 196 197 197 197 197 197 198 198 198 198 199 199 199
128 139 154 120 133 135 136 137 138 139 140 142 142 189 188 187 186 188 189 189 189 188 189 189 190 190 190 190 190 190 191 191 191 192 191 193 193 194 195 195 193 193 195 195 192 191 191 191 190 189 188 186 185 185 186 186 188 189 190 191 191 193 193 194 195 195 195 196 195 195 195 195 195 195 196 196 195 196 197 197 197 197 198 198 198 198 198 198 199 199 199 199 200
122 125 153 126 132 137 138 139 140 141 142 141 140 142 189 187 186 188 189 189 188 187 188 190 190 190 189 189 190 190 191 190 191 191 190 192 192 192 194 194 192 193 194 195 192 190 189 190 190 188 186 185 185 185 186 187 189 189 190 190 192 193 193 194 195 195 196 195 195 195 196 195 195 196 195 196 195 197 197 197 198 198 198 199 198 199 199 199 199 199 200 200 200
121 137 154 130 134 137 137 138 139 141 141 140 140 188 189 187 186 188 188 188 187 187 189 190 190 190 188 188 190 189 189 189 190 191 189 190 191 192 194 194 192 193 194 194 193 191 189 189 188 187 186 184 185 185 186 187 188 189 190 190 192 193 193 194 195 195 196 195 196 195 196 196 196 196 197 197 197 198 198 199 198 199 199 199 200 200 200 201 201 201 200 201 201
123 137 155 131 135 137 136 139 140 139 139 139 140 189 190 187 187 188 188 188 186 187 189 189 189 189 187 188 189 188 189 189 190 190 189 188 191 191 193 193 192 192 194 194 193 192 190 189 187 186 186 185 186 186 186 187 188 189 189 190 192 192 193 194 194 196 196 195 195 196 195 196 196 197 197 197 196 197 197 199 200 201 201 201 202 202 202 202 203 203 202 203 203
131 150 161 133 136 136 136 137 139 137 138 140 188 189 189 187 187 188 187 187 186 187 188 188 188 188 187 188 188 186 188 189 189 190 189 187 189 189 190 192 192 192 192 192 193 192 191 189 186 184 184 185 185 185 186 187 188 189 189 191 191 192 193 194 194 195 195 195 196 196 195 196 196 196 194 195 195 195 196 197 199 201 202 203 203 203 203 204 204 204 204 204 204
120 130 135 122 133 131 133 136 137 136 138 186 186 189 189 187 188 187 186 187 186 186 187 187 187 187 187 187 187 186 188 189 189 189 189 186 187 189 188 191 192 190 192 192 192 191 190 188 187 186 183 184 185 186 187 188 188 189 189 191 191 192 193 193 194 194 194 194 195 196 195 196 195 194 193 195 195 195 197 198 201 202 200 200 200 199 201 201 200 201 202 204 204
118 132 141 161 126 128 132 135 135 138 185 185 187 189 189 188 187 186 186 186 185 185 186 186 186 186 187 186 186 186 188 188 188 189 187 186 185 187 188 189 190 190 191 191 191 191 190 189 187 185 183 184 185 186 187 187 188 189 190 190 191 191 192 193 193 193 194 194 195 195 195 195 195 195 194 195 195 197 198 200 201 199 198 199 199 201 202 202 202 203 204 204 202
98 113 123 149 163 124 130 133 136 182 183 187 189 189 188 187 186 184 185 185 184 184 185 185 185 185 186 184 185 187 187 188 188 188 187 185 184 185 187 188 190 190 190 191 190 190 189 188 187 185 184 183 184 186 187 187 188 189 190 190 190 192 193 193 193 193 194 194 194 194 194 195 195 195 195 196 197 198 200 200 199 197 198 200 201 200 201 202 204 204 203 201 201
104 115 125 145 164 171 177 179 181 182 185 189 189 187 187 186 185 184 184 185 183 184 184 184 184 184 185 183 185 186 187 187 187 187 186 184 184 186 188 189 189 189 190 190 189 189 188 187 186 183 183 184 184 185 187 188 188 189 189 190 191 191 192 192 192 193 193 194 193 194 194 194 195 195 195 197 198 199 197 197 196 197 197 198 199 200 202 204 205 204 202 200 200
123 104 122 143 166 174 179 181 184 186 188 189 188 187 186 185 184 183 184 183 183 182 183 183 182 183 184 184 186 186 187 186 186 187 184 182 184 187 188 187 188 188 189 188 188 187 187 186 186 184 183 184 185 185 186 187 188 189 190 190 190 191 191 192 192 193 194 194 194 194 194 194 195 196 198 197 197 196 195 196 196 197 198 199 200 202 204 205 203 202 200 200 200
114 120 131 140 164 171 179 181 183 185 187 187 187 187 185 184 183 181 182 182 181 181 181 181 181 182 183 184 185 185 185 185 184 186 185 182 184 186 187 187 187 188 187 187 187 186 186 185 185 184 183 184 184 185 185 186 188 189 189 189 190 191 191 192 192 193 193 194 194 194 195 195 196 197 196 194 195 194 196 196 196 198 198 200 202 203 205 204 202 201 200 200 200
125 130 134 140 151 167 174 179 183 186 186 185 186 184 184 183 182 181 180 181 181 179 179 180 180 182 181 183 184 184 184 184 183 184 184 182 184 186 184 185 187 188 185 186 186 185 185 183 184 183 183 184 184 185 186 186 187 189 189 190 190 191 192 192 192 193 194 194 194 193 193 194 195 194 193 194 194 195 195 196 198 197 199 201 204 204 203 203 202 201 200 199 200
134 123 128 131 140 162 169 178 181 184 186 185 184 182 181 181 180 180 178 178 178 177 177 179 179 181 180 182 183 183 183 184 183 181 182 182 183 185 184 186 187 186 184 184 184 184 184 183 182 182 183 184 184 185 186 187 187 188 189 190 191 191 192 193 193 193 193 194 194 193 193 193 193 193 193 193 194 195 196 197 198 200 202 202 202 201 202 201 201 202 201 200 200
140 127 132 132 139 166 176 179 182 185 185 183 181 181 179 179 178 177 178 175 176 175 175 177 178 179 179 180 182 182 181 182 183 181 181 182 181 182 184 186 186 184 184 183 182 182 181 180 181 182 182 183 184 185 186 187 188 189 190 190 191 191 192 192 192 192 193 194 194 194 193 193 194 194 195 196 196 197 198 199 200 200 201 200 199 199 200 200 200 201 201 201 201
136 145 147 147 136 151 170 177 181 184 182 181 178 179 179 177 175 174 175 175 174 174 175 176 177 178 177 180 180 179 180 182 181 180 178 180 179 181 184 185 185 183 182 181 180 179 178 179 180 181 182 182 184 185 186 187 188 188 189 189 190 191 192 192 192 193 193 193 194 194 194 194 195 196 197 197 198 198 197 198 198 199 199 199 198 199 200 200 201 201 202 202 202
121 134 140 140 129 139 168 177 182 181 178 176 176 175 178 176 172 171 172 173 172 173 174 175 176 176 178 179 178 178 178 180 179 181 178 178 179 182 183 184 184 182 180 177 176 176 178 179 180 181 182 183 184 185 186 187 187 188 188 189 189 191 191 192 192 192 193 193 193 194 194 196 196 197 195 196 196 196 197 198 197 198 197 198 198 199 200 200 200 201 201 201 200
118 122 134 133 141 135 148 175 180 178 172 169 168 170 174 176 172 169 170 171 171 171 172 173 174 174 178 177 175 175 176 178 178 179 179 177 178 180 181 182 181 180 176 174 175 176 177 178 179 180 181 182 183 185 186 186 187 188 188 189 189 190 191 191 192 192 193 193 194 195 196 195 194 194 195 195 195 196 196 196 196 197 197 198 199 199 199 200 200 201 201 202 202
134 137 133 135 140 145 149 168 176 175 174 165 163 165 169 174 170 166 166 167 170 168 169 171 172 172 176 176 172 171 174 175 176 176 178 177 174 176 178 180 178 176 172 173 174 176 176 177 178 180 181 182 184 185 185 186 187 188 189 189 190 190 190 191 192 192 193 194 195 195 194 193 193 194 195 194 195 194 195 196 196 196 197 198 199 199 199 200 201 201 202 202 201
139 146 148 151 139 157 142 153 164 169 173 170 166 161 166 172 168 163 161 167 165 165 168 168 169 170 174 175 169 168 173 173 175 174 177 177 174 175 176 176 175 172 172 173 174 175 176 178 179 180 181 182 183 184 185 186 187 187 188 189 189 190 190 190 191 193 194 194 194 193 193 193 194 195 194 194 194 195 195 195 196 197 197 198 199 200 200 201 201 202 201 201 201
147 152 157 161 154 148 160 157 141 159 167 170 165 165 162 169 166 163 160 164 162 164 167 165 166 170 174 175 170 168 170 172 173 174 176 175 173 173 173 170 169 170 171 172 173 174 175 177 178 179 181 181 182 183 185 186 187 188 188 189 189 190 191 191 192 192 192 194 193 193 193 193 194 193 193 194 194 194 194 195 195 196 197 199 199 200 200 201 201 201 201 202 202
139 144 154 151 152 165 162 152 154 153 167 164 158 163 158 162 164 159 159 162 160 161 165 161 163 167 172 174 169 167 170 171 171 174 174 174 173 172 170 170 170 172 171 171 172 173 175 176 177 179 180 181 182 183 185 186 187 188 188 189 190 191 191 191 191 192 193 193 192 192 192 193 193 192 193 193 194 194 194 195 196 197 198 199 199 200 201 200 201 201 202 202 202
124 137 128 139 159 171 152 142 147 147 162 154 157 156 154 157 158 156 156 158 157 158 162 158 162 168 173 170 168 166 168 170 170 172 172 172 172 173 173 173 174 174 174 171 171 173 174 175 176 178 179 180 182 183 184 186 186 187 189 189 189 189 190 190 191 191 193 191 192 192 192 193 192 192 193 192 193 195 195 196 197 198 198 199 200 201 201 201 201 201 202 203 203
102 114 138 148 167 157 145 131 139 163 159 156 152 170 150 154 154 154 153 156 155 158 158 157 162 169 170 168 166 167 170 171 172 172 171 171 172 174 174 175 176 177 177 175 174 174 174 175 176 177 179 180 181 182 184 185 187 188 188 188 188 189 190 191 190 191 191 191 192 192 193 192 192 192 193 194 194 195 195 196 197 198 199 200 200 201 201 202 202 202 203 203 203
116 134 150 162 161 162 151 135 129 139 167 178 174 173 171 174 176 176 175 176 177 156 179 181 164 168 167 166 168 168 167 168 168 169 169 169 172 171 170 172 174 176 178 178 178 178 178 177 176 177 178 179 181 183 185 185 187 186 187 187 187 189 189 190 190 191 190 191 192 192 192 192 192 193 193 193 194 194 195 196 197 198 199 200 201 201 202 203 203 203 203 204 204
122 144 151 158 145 145 154 143 132 126 139 161 172 172 169 170 172 172 172 173 176 176 175 182 165 164 164 166 165 164 166 165 166 169 170 170 170 168 169 171 172 173 176 179 180 180 181 181 180 180 180 181 183 184 185 185 185 186 186 187 188 188 189 189 190 190 191 191 191 191 191 192 193 192 192 193 194 194 195 196 197 198 199 200 202 203 203 204 205 206 205 205 205
