Data/environmental_layers/bio_5.asc
NCOLS 1388 
NROWS 588 
XLLCORNER -124.791663787 
YLLCORNER 24.9166710953946 
CELLSIZE 0.0416666688394528 
NODATA_value -9999 
[rows 40 to 79 of 588, columns 273 to 363 of 1388]
249 247 227 213 210 221 207 214 213 217 227 238 243 226 204 210 217 224 245 249 253 257 260 262 265 266 267 268 265 264 269 272 272 271 269 269 270 273 275 275 276 275 275 276 276 277 277 277 277 277 277 279 281 283 284 286 287 289 293 296 293 292 292 292 290 291 295 293 287 288 291 291 292 293 294 295 296 298 299 299 297 295 295 299 299 305 297 297 299 307 309
233 253 235 213 220 215 203 208 213 210 216 235 245 228 208 218 217 221 249 253 257 259 261 262 262 264 263 264 260 265 269 272 273 272 270 270 271 272 273 274 275 277 276 276 276 277 278 277 278 279 279 279 280 281 283 286 289 292 295 290 288 288 288 288 288 290 292 293 290 288 288 292 290 292 295 296 296 296 299 299 299 298 299 300 302 307 299 296 299 298 305
238 257 243 227 222 219 201 214 212 200 216 222 242 244 223 235 235 234 255 261 263 264 264 259 257 258 258 259 261 264 267 269 272 273 269 270 271 271 272 273 275 278 278 276 275 275 275 276 277 277 279 279 279 281 283 286 291 294 292 290 287 286 285 285 285 287 289 291 292 285 284 287 292 293 295 296 296 297 297 297 298 297 296 295 297 302 301 295 297 299 305
246 248 255 237 223 234 205 211 225 199 207 224 242 241 243 248 250 250 255 261 261 264 265 267 264 263 263 262 263 264 265 267 268 268 268 269 269 270 270 272 273 275 278 281 281 281 282 280 280 278 279 281 283 284 285 287 292 292 288 287 287 285 284 282 282 284 286 287 285 280 285 290 291 291 290 294 295 297 295 296 296 296 294 291 295 303 294 288 289 294 302
217 235 254 248 237 222 222 210 230 228 228 240 233 221 217 233 239 221 243 256 262 265 267 268 269 269 267 266 267 268 269 270 272 273 276 276 276 274 275 277 279 280 282 283 284 284 284 283 284 283 282 282 283 284 286 288 289 289 289 288 288 282 282 280 276 276 275 267 273 268 281 289 290 291 288 291 295 294 292 293 293 291 292 290 292 302 292 286 288 293 297
218 221 244 252 243 216 209 209 223 207 216 226 237 215 210 225 231 217 240 256 262 265 266 268 270 271 273 273 274 275 275 274 275 276 275 278 279 280 281 282 282 282 283 283 282 284 285 285 285 285 285 283 284 284 285 285 284 285 286 285 286 285 278 278 273 265 263 256 263 266 264 270 277 285 287 284 292 293 290 291 292 289 290 297 298 299 291 287 289 295 290
223 224 226 232 252 241 224 209 212 209 218 225 232 234 221 215 230 237 250 259 262 263 266 269 271 272 272 272 273 274 273 273 273 275 277 278 276 271 279 281 280 278 279 280 281 283 282 281 280 282 286 284 284 283 285 284 283 283 284 283 286 283 278 274 271 269 263 259 252 253 252 257 267 273 274 274 269 287 294 293 297 297 296 290 291 290 286 287 290 293 288
224 214 224 237 220 243 239 241 235 218 210 223 224 225 226 220 228 246 257 259 263 264 266 268 269 270 271 272 273 270 274 276 275 275 273 275 279 276 279 276 273 282 282 283 286 286 285 283 283 284 284 284 284 283 284 282 282 281 281 282 283 280 277 270 259 246 240 243 249 238 247 263 273 276 279 280 282 288 293 294 292 287 286 288 289 284 286 288 291 288 290
220 223 226 228 239 235 217 241 243 236 222 207 223 222 217 218 235 246 248 251 254 260 265 266 266 267 268 267 268 270 272 272 273 274 274 276 280 282 284 285 284 284 286 284 287 287 285 285 281 284 284 281 279 280 282 278 279 279 278 281 278 278 275 271 268 262 249 242 247 245 263 266 277 281 283 286 290 290 286 284 285 285 286 285 283 283 286 288 289 288 292
222 222 226 240 220 223 223 224 238 242 227 206 209 208 220 214 229 240 230 233 251 257 260 263 264 265 265 268 268 270 268 268 271 272 270 274 277 279 283 285 286 285 287 287 287 285 283 285 277 278 277 274 275 278 279 276 274 275 276 277 281 278 276 274 270 262 252 261 267 268 273 275 277 280 282 286 288 283 282 284 284 284 282 282 283 284 286 287 287 292 286
214 216 226 223 213 214 206 215 234 242 230 212 206 202 206 217 228 230 218 233 242 239 253 263 263 264 266 267 269 271 272 273 272 267 264 267 272 271 277 277 281 286 288 287 285 282 282 284 279 275 273 270 271 275 274 274 271 272 271 274 278 277 276 274 270 266 266 268 270 273 276 278 280 281 282 282 282 280 281 282 282 282 283 283 285 285 287 284 289 288 282
218 221 228 216 215 234 214 214 221 235 235 223 220 211 226 217 215 234 238 235 228 244 252 247 260 265 266 268 271 272 271 275 275 268 265 263 257 261 273 280 284 288 288 287 285 282 282 284 281 279 276 274 272 271 269 271 270 269 270 270 275 271 273 272 273 272 271 272 273 274 276 277 277 276 277 279 278 279 280 280 281 280 280 281 283 284 284 285 289 288 285
246 217 217 216 226 232 237 211 222 223 236 240 226 228 212 213 212 221 222 224 229 233 246 234 248 266 270 272 273 276 275 277 277 273 271 263 251 262 266 282 289 289 287 285 282 281 281 279 285 277 274 271 269 268 267 265 265 265 262 273 265 263 263 264 267 266 268 269 270 273 274 274 274 275 278 277 278 278 279 279 278 279 280 282 282 283 283 281 284 287 286
255 227 234 228 237 247 242 228 219 233 219 236 233 235 227 217 216 222 220 206 218 227 220 231 249 262 270 270 275 276 275 279 279 279 280 273 262 271 284 285 283 278 277 281 280 278 279 282 281 279 271 261 261 263 261 263 256 255 261 270 262 257 257 261 267 256 257 263 265 267 269 269 270 274 276 274 276 277 277 276 277 278 280 280 281 279 278 280 282 284 286
247 246 257 243 242 253 257 230 224 240 231 236 216 227 225 230 222 225 233 227 223 221 233 232 248 257 264 256 270 269 271 276 276 274 281 284 281 284 275 276 270 257 252 271 272 274 280 279 274 267 275 274 260 251 259 255 248 243 255 265 258 258 256 259 260 257 256 250 244 258 263 264 268 271 272 273 275 275 274 275 277 278 278 275 274 276 279 280 279 283 284
267 261 268 268 264 268 266 252 234 226 248 253 227 215 231 215 203 223 240 242 241 231 240 232 244 252 252 261 253 266 273 268 276 283 286 288 282 271 259 251 256 247 247 254 267 275 274 264 264 264 265 274 257 248 251 242 236 257 256 260 259 260 256 254 245 226 236 226 242 246 242 258 261 265 270 269 272 273 274 275 276 273 272 272 273 275 276 277 279 282 279
269 259 263 272 271 273 271 266 261 255 260 265 259 233 225 210 217 216 232 244 251 252 251 250 248 239 248 255 265 267 270 278 282 281 288 286 281 276 265 247 243 240 249 255 267 271 274 262 254 259 268 274 260 259 251 235 239 243 241 242 231 251 259 244 244 241 242 230 232 229 240 256 258 259 263 265 269 272 273 274 272 271 271 272 273 274 276 278 280 279 277
274 274 269 271 274 270 272 270 269 271 270 267 259 239 242 248 247 241 242 249 260 255 261 255 245 239 233 246 250 260 271 279 283 291 277 262 264 268 264 257 253 255 258 258 265 265 259 249 264 267 269 269 254 243 243 233 234 226 235 233 216 245 249 254 243 233 227 234 219 237 239 245 247 252 257 260 265 269 269 270 270 270 272 273 274 276 277 279 278 276 275
276 271 264 259 263 260 268 270 271 271 270 254 263 258 242 256 267 269 266 259 263 259 253 247 245 242 237 237 266 261 268 277 277 281 287 272 262 263 254 250 245 252 262 261 259 258 251 246 258 261 269 266 256 258 249 239 247 234 229 222 220 235 233 246 233 222 210 197 216 234 218 231 238 236 244 253 259 265 267 269 270 272 272 273 273 275 278 278 275 273 271
277 269 251 246 241 243 260 269 269 270 270 264 263 264 263 265 269 270 268 266 257 242 240 232 239 253 242 237 248 268 275 273 260 258 278 286 276 264 257 244 230 244 239 250 249 242 244 242 247 257 260 271 259 249 257 246 233 239 234 228 219 215 221 231 235 212 217 210 211 212 223 224 229 227 246 248 249 261 266 268 269 270 269 270 272 274 276 276 274 271 269
271 262 246 237 240 251 258 265 269 271 271 270 262 251 243 253 260 253 254 246 244 241 231 243 252 262 260 250 259 270 279 277 262 261 261 287 275 255 246 235 225 237 230 229 229 234 238 254 258 264 260 267 260 249 242 240 244 237 225 220 215 215 219 219 224 230 218 209 215 215 212 225 240 241 256 262 263 255 260 260 262 266 266 267 268 270 273 275 273 271 268
249 255 254 236 237 237 245 254 260 268 269 270 265 244 233 239 242 233 236 236 231 233 227 236 256 264 267 267 265 272 261 269 273 281 280 273 273 250 255 245 254 247 239 233 239 246 243 255 261 266 263 264 263 268 264 257 255 250 245 239 227 233 218 214 214 216 211 215 228 237 235 232 241 249 257 262 256 247 255 258 260 262 263 266 268 271 274 273 270 266 259
239 246 243 239 239 241 252 259 262 262 261 258 256 263 260 256 258 250 239 234 234 224 245 249 260 266 272 276 276 274 260 264 270 278 287 288 278 275 276 265 239 232 238 241 235 233 240 255 254 249 251 251 249 271 271 264 258 252 247 247 245 230 227 226 216 220 212 223 217 214 222 237 239 235 246 253 251 246 247 252 254 258 262 266 269 271 273 273 270 261 251
251 259 244 242 240 248 257 261 258 252 240 245 231 239 251 263 267 263 258 246 224 227 246 258 256 251 249 261 274 279 275 271 274 276 276 274 284 276 277 272 257 256 257 243 238 230 225 243 252 249 256 259 266 273 271 263 258 250 250 245 250 247 241 237 230 223 209 208 214 226 233 226 226 237 245 237 228 231 238 241 240 247 250 259 265 268 270 272 269 265 256
256 266 267 267 258 246 244 253 249 241 242 240 231 226 237 246 261 264 261 247 231 218 232 240 244 236 239 250 262 276 280 279 286 287 287 286 287 288 284 275 273 256 244 252 239 244 246 240 247 253 257 265 271 271 272 268 264 258 245 238 244 250 240 229 225 227 224 224 219 217 225 230 237 239 236 219 208 214 222 218 226 231 240 246 247 258 266 269 269 266 261
272 270 272 267 269 269 265 262 251 240 253 250 242 234 236 237 250 258 261 257 249 244 242 236 244 244 237 251 263 274 278 280 286 291 292 292 291 288 290 279 278 267 260 253 250 257 244 236 245 255 258 266 270 272 271 268 261 258 251 251 250 248 239 242 249 248 245 241 234 227 228 229 228 225 221 211 214 217 219 229 239 245 249 254 257 259 265 268 268 265 262
255 253 263 261 267 272 274 273 268 262 259 256 257 251 239 244 239 253 265 264 260 261 259 250 243 249 252 260 269 271 279 284 287 291 292 291 291 289 291 287 287 287 281 277 268 255 244 251 240 242 248 259 264 270 269 272 270 264 261 257 255 250 250 254 255 253 252 250 250 244 240 242 235 231 229 229 228 232 240 245 250 253 255 258 261 264 265 267 270 269 266
248 254 259 267 270 272 272 271 273 274 271 270 267 264 257 250 246 254 267 269 267 266 265 259 244 252 240 250 262 270 276 283 284 287 289 290 289 288 288 285 275 289 290 287 284 275 260 254 249 236 232 245 256 264 265 268 270 269 265 254 247 258 259 258 251 250 248 253 256 255 253 244 239 251 253 252 250 250 254 252 254 258 260 262 265 266 267 268 271 272 271
251 259 260 265 269 269 269 265 264 264 268 271 271 271 268 259 264 266 260 262 263 261 260 261 259 252 242 262 270 277 276 268 273 271 280 285 285 283 284 285 276 276 290 290 288 284 272 264 227 206 204 226 247 256 260 264 267 270 270 268 265 265 259 246 244 243 243 248 256 260 257 258 259 261 261 259 259 257 260 259 258 261 264 265 268 270 271 271 273 274 275
245 254 258 264 267 263 258 251 246 252 263 265 264 266 272 272 271 263 253 255 260 250 239 249 261 249 243 254 251 253 258 256 255 263 277 281 276 273 261 273 279 280 286 290 290 287 282 270 244 226 221 219 230 246 254 260 266 268 270 270 267 260 245 227 231 230 234 236 247 245 254 258 266 266 266 264 265 264 265 265 264 266 270 270 271 273 275 274 276 277 278
244 242 246 257 261 253 242 226 229 233 244 252 259 263 264 269 274 269 257 250 254 246 237 247 240 244 233 244 244 243 256 264 270 277 282 272 265 265 244 245 268 278 282 286 291 291 287 281 268 259 252 227 218 226 235 250 263 265 267 269 266 255 223 206 210 221 229 241 243 246 243 248 263 267 269 270 270 270 270 270 271 273 275 275 276 277 279 276 277 278 279
238 244 245 252 250 246 231 215 210 210 218 244 248 258 262 266 274 272 265 253 241 233 236 237 237 232 226 226 221 234 246 264 270 274 279 270 254 246 220 226 253 259 278 288 291 292 290 286 278 267 258 224 200 196 214 228 251 258 264 267 266 253 236 217 222 236 245 252 257 261 262 259 265 258 266 269 270 271 274 274 275 276 277 279 280 281 282 281 280 279 279
244 247 256 244 238 236 235 219 205 212 215 222 237 259 264 270 274 270 266 255 240 227 229 228 223 229 224 213 221 224 247 260 269 277 271 258 234 215 211 212 219 234 271 287 292 292 292 289 282 274 264 250 236 227 235 239 234 249 259 263 265 262 257 241 238 248 252 256 254 260 260 262 260 254 260 263 266 268 265 272 273 267 271 273 274 277 280 282 283 284 284
246 257 260 242 227 215 215 220 200 202 193 206 234 258 266 271 273 267 260 248 236 214 218 218 226 231 226 211 225 220 245 261 267 262 253 235 221 227 232 231 227 232 259 282 289 292 291 288 283 277 272 266 258 254 253 245 249 253 255 258 253 257 262 257 256 250 253 251 238 241 251 256 256 254 250 256 257 253 249 262 267 265 262 264 272 277 278 278 277 279 279
239 254 258 245 224 213 207 214 216 208 213 227 252 263 268 272 273 263 256 235 213 214 219 217 228 235 240 233 235 232 244 263 263 247 223 209 203 207 224 248 252 252 262 273 284 292 291 287 284 279 274 269 257 257 246 230 248 257 259 259 254 257 257 261 260 253 247 245 232 214 227 243 248 244 240 242 248 254 258 260 264 264 264 270 272 274 272 271 274 278 280
242 256 253 238 220 211 210 205 206 217 234 249 259 266 269 272 272 264 251 242 226 233 239 240 246 254 251 253 255 259 259 276 271 247 242 233 213 223 233 241 256 267 269 270 275 289 293 289 284 281 269 259 251 242 238 242 250 259 258 254 255 263 261 261 259 255 245 247 232 215 221 230 229 226 208 215 241 250 253 256 257 259 261 266 268 269 272 275 280 282 284
252 255 247 236 226 224 215 216 211 212 228 242 258 267 270 273 269 260 247 235 233 233 234 247 230 247 237 227 245 256 270 280 273 250 256 245 246 238 234 235 254 270 280 282 282 291 294 291 285 279 266 249 244 252 250 253 247 265 263 259 256 259 257 258 258 254 249 248 235 238 215 223 215 201 202 221 239 246 249 250 252 254 259 265 269 272 276 275 279 280 284
250 243 239 240 233 236 239 233 225 229 243 251 264 270 272 272 263 251 240 238 230 225 230 240 230 243 221 224 232 252 265 271 272 269 272 272 264 255 247 253 264 274 283 289 291 293 294 293 283 278 268 256 229 243 244 244 261 249 252 247 243 248 250 252 260 251 244 249 239 246 231 234 231 226 213 220 241 245 247 245 245 256 260 261 265 265 268 274 276 279 283
246 237 230 230 230 231 235 235 239 255 256 262 267 270 272 270 258 244 240 241 241 235 239 232 246 231 210 226 228 233 249 255 235 271 282 281 276 270 263 259 266 277 285 291 293 295 295 294 284 278 282 274 250 258 262 272 272 249 245 238 245 237 238 251 263 255 254 257 256 252 245 231 214 207 206 219 229 242 244 251 253 257 259 258 262 261 261 265 271 271 276
228 231 212 217 214 203 202 201 206 225 243 253 264 270 272 267 253 243 250 250 244 234 227 241 244 224 219 222 222 252 266 264 216 247 272 282 282 277 271 270 275 282 287 291 294 293 290 289 291 290 276 261 260 277 277 273 270 258 240 252 246 233 241 255 262 262 260 262 261 254 240 211 191 197 201 217 228 227 239 248 253 258 262 265 267 266 267 268 266 268 272
