Data/environmental_layers/bio_12.asc
NCOLS 1388 
NROWS 588 
XLLCORNER -124.791663787 
YLLCORNER 24.9166710953946 
CELLSIZE 0.0416666688394528 
NODATA_value -9999 
[rows 429 to 467 of 588, columns 440 to 527 of 1388]
-9999 -9999 -9999 -9999 213 209 210 214 222 225 228 229 234 236 241 248 262 264 266 263 258 253 254 250 247 242 240 241 237 235 233 230 227 221 222 224 230 234 238 239 240 239 238 232 235 244 253 260 269 273 276 283 286 290 290 293 294 297 298 297 298 299 302 298 294 291 289 287 284 282 281 281 283 282 284 287 287 288 289 292 294 296 300 305 307 313 315 315
-9999 -9999 -9999 -9999 -9999 212 212 211 216 221 225 231 233 235 239 243 246 255 266 268 266 258 257 252 250 247 244 242 241 238 238 233 230 229 228 231 226 230 242 244 247 245 245 240 243 248 256 264 270 275 279 284 285 290 290 296 295 297 298 297 296 300 301 299 294 291 291 289 285 284 282 281 282 283 285 290 289 290 292 294 294 297 302 306 307 308 311 314
-9999 -9999 -9999 -9999 -9999 -9999 212 212 212 217 222 226 229 232 236 239 244 247 254 261 269 264 259 255 254 251 248 247 245 244 242 241 235 235 235 240 252 248 246 248 250 251 253 251 249 253 260 266 273 277 282 285 289 291 293 295 296 297 296 297 296 297 298 296 295 294 290 289 286 284 282 281 282 282 282 287 287 291 294 294 296 297 300 306 305 308 309 311
-9999 -9999 -9999 -9999 -9999 -9999 -9999 -9999 -9999 214 217 222 227 233 236 239 242 247 249 254 262 263 262 260 258 254 254 253 252 248 248 246 242 240 240 244 256 255 248 251 253 255 257 258 256 260 266 270 275 279 283 288 292 293 296 297 298 299 299 297 297 298 298 296 294 293 291 288 287 285 283 285 285 282 284 287 287 290 291 291 295 295 299 302 305 306 310 311
-9999 -9999 -9999 -9999 -9999 -9999 -9999 -9999 -9999 -9999 -9999 221 225 230 236 239 242 245 248 255 263 266 261 263 261 260 257 258 257 253 252 252 248 249 248 249 256 253 251 256 259 262 261 264 263 267 271 274 281 284 288 291 292 296 296 297 297 299 298 298 300 301 298 297 297 294 292 290 288 287 287 286 286 288 290 290 290 292 293 293 296 299 300 302 302 306 307 309
-9999 -9999 -9999 -9999 -9999 -9999 -9999 -9999 -9999 -9999 -9999 -9999 228 228 233 239 243 242 245 247 253 256 257 259 264 264 263 263 262 260 259 257 256 254 256 258 262 254 256 259 263 262 267 269 272 273 275 281 284 284 290 293 297 295 297 296 298 301 300 303 304 301 300 301 299 299 294 292 292 289 289 288 287 288 292 293 296 295 297 298 297 299 302 303 303 305 305 307
-9999 -9999 -9999 -9999 -9999 -9999 -9999 -9999 -9999 -9999 -9999 -9999 -9999 231 233 236 241 241 244 245 248 250 255 263 275 271 268 265 264 265 265 264 261 261 262 264 269 269 263 263 267 270 271 276 276 280 282 285 285 290 295 296 300 300 298 301 303 302 304 305 305 306 305 302 303 301 298 294 294 292 290 290 291 290 296 298 297 298 302 301 300 301 304 305 303 306 306 307
-9999 -9999 -9999 -9999 -9999 -9999 -9999 -9999 -9999 -9999 -9999 -9999 -9999 -9999 238 236 237 239 243 243 245 255 261 264 276 274 273 269 267 266 269 269 268 269 269 269 283 269 271 268 271 276 277 278 281 283 287 290 292 295 296 298 297 300 301 304 305 306 308 311 309 307 309 308 307 304 301 300 298 296 297 295 294 296 298 302 301 304 305 303 303 306 308 307 308 307 308 307
-9999 -9999 -9999 -9999 -9999 -9999 -9999 -9999 -9999 -9999 -9999 -9999 -9999 -9999 -9999 237 237 237 240 238 242 248 264 277 272 274 273 270 269 267 272 270 270 271 272 274 280 273 275 277 280 281 281 283 286 288 291 299 303 305 307 305 304 304 306 308 309 312 313 313 313 312 311 310 310 307 305 302 300 300 299 299 301 302 303 303 304 305 305 304 307 308 308 309 310 310 309 312
-9999 -9999 -9999 -9999 -9999 -9999 -9999 -9999 -9999 -9999 -9999 -9999 -9999 -9999 -9999 -9999 238 235 234 233 236 245 269 283 274 277 272 271 267 270 270 272 271 273 274 275 278 277 282 284 284 286 287 289 290 291 297 298 302 307 310 312 312 309 309 314 316 318 320 316 314 316 314 314 312 309 307 304 302 302 302 304 305 305 305 306 307 308 307 308 308 310 310 311 311 312 314 314
-9999 -9999 -9999 -9999 -9999 -9999 -9999 -9999 -9999 -9999 -9999 -9999 -9999 -9999 -9999 -9999 -9999 -9999 233 232 230 234 259 279 268 265 271 273 270 268 270 272 273 276 278 281 282 284 286 290 292 292 292 293 295 294 297 301 306 307 307 311 312 313 314 318 320 322 325 322 321 321 320 319 316 313 312 310 309 307 308 309 309 309 311 311 312 310 311 312 312 315 315 314 315 317 318 316
-9999 -9999 -9999 -9999 -9999 -9999 -9999 -9999 -9999 -9999 -9999 -9999 -9999 -9999 -9999 -9999 -9999 -9999 -9999 -9999 224 226 234 250 272 270 260 267 269 268 273 274 278 278 280 285 285 288 291 298 300 299 297 298 298 299 299 303 309 309 312 315 315 316 320 323 328 331 330 326 323 326 326 324 322 318 314 314 312 312 311 312 314 314 314 313 314 314 315 317 316 319 316 318 319 319 320 321
-9999 -9999 -9999 -9999 -9999 -9999 -9999 -9999 -9999 -9999 -9999 -9999 -9999 -9999 -9999 -9999 -9999 -9999 -9999 -9999 -9999 219 226 237 261 280 261 258 264 267 276 279 282 283 282 287 290 292 292 298 300 302 301 300 300 302 305 306 310 313 315 318 321 321 324 328 340 360 334 330 329 328 329 329 327 324 320 316 316 316 317 318 317 317 316 318 318 317 320 320 320 321 323 326 325 323 327 326
-9999 -9999 -9999 -9999 -9999 -9999 -9999 -9999 -9999 -9999 -9999 -9999 -9999 -9999 -9999 -9999 -9999 -9999 -9999 -9999 -9999 219 219 231 244 275 270 261 259 268 282 297 296 288 285 286 291 292 296 297 302 303 307 305 305 305 308 310 310 312 321 337 334 335 329 336 358 374 338 332 331 332 333 331 330 328 322 321 319 319 321 322 323 323 322 322 321 321 322 324 325 326 329 327 326 328 330 329
-9999 -9999 -9999 -9999 -9999 -9999 -9999 -9999 -9999 -9999 -9999 -9999 -9999 -9999 -9999 -9999 -9999 -9999 -9999 -9999 -9999 -9999 -9999 227 236 252 272 264 261 273 289 303 313 307 293 290 291 294 297 300 302 306 307 308 307 310 310 310 312 322 334 336 342 352 343 349 384 363 341 336 333 334 335 333 332 333 329 326 323 322 328 330 330 331 328 326 327 327 326 326 328 332 333 330 330 331 330 332
-9999 -9999 -9999 -9999 -9999 -9999 -9999 -9999 -9999 -9999 -9999 -9999 -9999 -9999 -9999 -9999 -9999 -9999 -9999 -9999 -9999 -9999 -9999 -9999 232 237 249 263 268 278 291 306 320 320 298 293 293 298 302 303 303 304 309 309 310 311 310 312 316 322 333 342 344 352 361 353 369 382 350 351 335 335 334 334 342 345 340 335 330 331 330 332 334 336 333 332 333 332 330 331 333 334 334 333 337 335 335 336
-9999 -9999 -9999 -9999 -9999 -9999 -9999 -9999 -9999 -9999 -9999 -9999 -9999 -9999 -9999 -9999 -9999 -9999 -9999 -9999 -9999 -9999 -9999 -9999 -9999 235 240 255 268 279 293 304 310 307 297 295 295 299 304 307 303 306 310 311 311 313 314 316 321 324 329 337 343 350 354 360 374 362 380 370 364 342 337 340 358 373 356 350 343 344 349 343 340 339 335 338 339 336 333 334 337 339 339 338 338 338 340 347
-9999 -9999 -9999 -9999 -9999 -9999 -9999 -9999 -9999 -9999 -9999 -9999 -9999 -9999 -9999 -9999 -9999 -9999 -9999 -9999 -9999 -9999 -9999 -9999 -9999 -9999 244 254 266 281 291 300 303 300 297 294 293 299 307 306 304 309 313 313 314 317 317 317 321 323 326 335 344 350 353 361 376 378 378 395 377 351 346 352 360 368 376 379 365 364 371 351 344 342 345 344 339 337 338 341 345 341 343 344 345 344 346 348
-9999 -9999 -9999 -9999 -9999 -9999 -9999 -9999 -9999 -9999 -9999 -9999 -9999 -9999 -9999 -9999 -9999 -9999 -9999 -9999 -9999 -9999 -9999 -9999 -9999 -9999 -9999 -9999 -9999 -9999 289 295 299 298 296 294 292 300 307 307 305 310 313 313 315 319 319 319 321 324 333 346 350 355 361 368 378 384 398 413 404 370 363 392 372 362 360 365 365 359 356 350 351 351 348 345 343 347 347 351 349 347 348 353 356 354 354 351
-9999 -9999 -9999 -9999 -9999 -9999 -9999 -9999 -9999 -9999 -9999 -9999 -9999 -9999 -9999 -9999 -9999 -9999 -9999 -9999 -9999 -9999 -9999 -9999 -9999 -9999 -9999 -9999 -9999 -9999 -9999 295 296 299 299 290 289 296 305 308 306 310 311 314 317 318 321 322 321 326 337 359 359 364 367 373 384 398 423 440 397 392 377 379 369 401 375 360 359 355 353 355 352 350 351 349 349 352 358 357 352 355 353 355 359 364 358 354
-9999 -9999 -9999 -9999 -9999 -9999 -9999 -9999 -9999 -9999 -9999 -9999 -9999 -9999 -9999 -9999 -9999 -9999 -9999 -9999 -9999 -9999 -9999 -9999 -9999 -9999 -9999 -9999 -9999 -9999 -9999 -9999 -9999 299 299 287 289 294 305 303 311 315 315 317 318 321 326 328 324 327 335 361 364 367 370 373 381 398 424 418 419 404 386 378 382 400 391 378 377 367 364 361 357 353 351 352 350 354 355 355 361 362 360 364 363 359 360 360
-9999 -9999 -9999 -9999 -9999 -9999 -9999 -9999 -9999 -9999 -9999 -9999 -9999 -9999 -9999 -9999 -9999 -9999 -9999 -9999 -9999 -9999 -9999 -9999 -9999 -9999 -9999 -9999 -9999 -9999 -9999 -9999 -9999 -9999 -9999 282 291 294 300 303 305 313 318 318 320 321 321 322 325 326 329 342 357 364 371 375 381 382 368 375 378 381 379 375 387 395 390 395 402 390 375 369 360 357 355 354 356 359 360 364 367 370 368 369 370 368 367 367
-9999 -9999 -9999 -9999 -9999 -9999 -9999 -9999 -9999 -9999 -9999 -9999 -9999 -9999 -9999 -9999 -9999 -9999 -9999 -9999 -9999 -9999 -9999 -9999 -9999 -9999 -9999 -9999 -9999 -9999 -9999 -9999 -9999 -9999 -9999 284 290 296 298 304 304 311 325 319 319 322 320 322 325 324 326 335 346 358 367 373 390 381 362 362 366 370 370 375 388 383 386 393 395 379 367 365 360 359 358 359 362 367 370 373 376 376 374 377 378 382 375 372
-9999 -9999 -9999 -9999 -9999 -9999 -9999 -9999 -9999 -9999 -9999 -9999 -9999 -9999 -9999 -9999 -9999 -9999 -9999 -9999 -9999 -9999 -9999 -9999 -9999 -9999 -9999 -9999 -9999 -9999 -9999 -9999 -9999 -9999 -9999 -9999 -9999 297 299 298 302 311 326 321 320 323 322 322 324 321 325 332 339 347 358 371 366 359 382 358 351 357 366 377 382 386 382 379 398 389 367 370 368 365 365 365 371 376 385 386 388 385 387 386 385 385 383 384
-9999 -9999 -9999 -9999 -9999 -9999 -9999 -9999 -9999 -9999 -9999 -9999 -9999 -9999 -9999 -9999 -9999 -9999 -9999 -9999 -9999 -9999 -9999 -9999 -9999 -9999 -9999 -9999 -9999 -9999 -9999 -9999 -9999 -9999 -9999 -9999 -9999 297 300 301 302 314 329 326 323 323 323 323 321 321 324 325 330 336 344 353 348 340 335 334 338 349 357 365 369 379 373 372 374 371 372 378 374 369 369 371 378 388 397 400 400 400 398 401 397 398 391 390
-9999 -9999 -9999 -9999 -9999 -9999 -9999 -9999 -9999 -9999 -9999 -9999 -9999 -9999 -9999 -9999 -9999 -9999 -9999 -9999 -9999 -9999 -9999 -9999 -9999 -9999 -9999 -9999 -9999 -9999 -9999 -9999 -9999 -9999 -9999 -9999 -9999 -9999 301 306 311 313 337 336 328 327 324 322 322 321 319 321 322 325 328 329 322 318 318 325 335 340 361 365 365 366 368 372 372 377 383 376 377 377 379 378 390 403 413 416 413 412 409 414 410 404 401 399
-9999 -9999 -9999 -9999 -9999 -9999 -9999 -9999 -9999 -9999 -9999 -9999 -9999 -9999 -9999 -9999 -9999 -9999 -9999 -9999 -9999 -9999 -9999 -9999 -9999 -9999 -9999 -9999 -9999 -9999 -9999 -9999 -9999 -9999 -9999 -9999 -9999 -9999 307 309 316 318 327 337 333 328 327 324 323 320 316 316 313 314 316 315 302 298 295 307 330 344 347 366 367 372 370 374 377 385 384 380 382 387 390 399 417 414 425 432 434 428 426 420 417 416 413 403
-9999 -9999 -9999 -9999 -9999 -9999 -9999 -9999 -9999 -9999 -9999 -9999 -9999 -9999 -9999 -9999 -9999 -9999 -9999 -9999 -9999 -9999 -9999 -9999 -9999 -9999 -9999 -9999 -9999 -9999 -9999 -9999 -9999 -9999 -9999 -9999 -9999 -9999 308 312 316 321 327 331 334 329 326 324 322 317 315 313 310 306 305 304 294 280 274 284 308 329 361 374 373 375 375 379 383 387 389 390 399 400 403 437 427 436 438 450 449 423 407 406 413 403 408 406
-9999 -9999 -9999 -9999 -9999 -9999 -9999 -9999 -9999 -9999 -9999 -9999 -9999 -9999 -9999 -9999 -9999 -9999 -9999 -9999 -9999 -9999 -9999 -9999 -9999 -9999 -9999 -9999 -9999 -9999 -9999 -9999 -9999 -9999 -9999 -9999 -9999 -9999 -9999 315 318 322 327 330 331 330 328 325 322 317 314 313 307 303 301 293 287 276 274 281 300 324 352 356 363 372 375 385 392 401 401 398 406 411 437 443 428 427 423 429 414 404 399 399 401 395 394 393
-9999 -9999 -9999 -9999 -9999 -9999 -9999 -9999 -9999 -9999 -9999 -9999 -9999 -9999 -9999 -9999 -9999 -9999 -9999 -9999 -9999 -9999 -9999 -9999 -9999 -9999 -9999 -9999 -9999 -9999 -9999 -9999 -9999 -9999 -9999 -9999 -9999 -9999 -9999 316 320 323 325 330 331 332 332 328 324 319 316 314 308 304 300 297 292 295 303 300 307 322 340 353 365 382 384 387 396 407 418 405 416 427 440 419 415 417 410 407 406 406 406 406 406 403 398 394
-9999 -9999 -9999 -9999 -9999 -9999 -9999 -9999 -9999 -9999 -9999 -9999 -9999 -9999 -9999 -9999 -9999 -9999 -9999 -9999 -9999 -9999 -9999 -9999 -9999 -9999 -9999 -9999 -9999 -9999 -9999 -9999 -9999 -9999 -9999 -9999 -9999 -9999 -9999 -9999 321 322 325 330 332 333 333 332 328 324 321 319 311 309 304 302 303 309 316 316 319 328 340 353 376 387 397 401 407 415 430 418 406 404 414 407 404 405 406 404 407 406 410 425 419 409 423 409
-9999 -9999 -9999 -9999 -9999 -9999 -9999 -9999 -9999 -9999 -9999 -9999 -9999 -9999 -9999 -9999 -9999 -9999 -9999 -9999 -9999 -9999 -9999 -9999 -9999 -9999 -9999 -9999 -9999 -9999 -9999 -9999 -9999 -9999 -9999 -9999 -9999 -9999 -9999 -9999 -9999 324 324 329 332 333 334 335 334 330 328 328 320 312 308 309 312 315 319 324 328 334 341 353 371 380 391 401 401 411 439 424 403 398 399 399 397 400 403 400 399 400 406 414 420 423 426 417
-9999 -9999 -9999 -9999 -9999 -9999 -9999 -9999 -9999 -9999 -9999 -9999 -9999 -9999 -9999 -9999 -9999 -9999 -9999 -9999 -9999 -9999 -9999 -9999 -9999 -9999 -9999 -9999 -9999 -9999 -9999 -9999 -9999 -9999 -9999 -9999 -9999 -9999 -9999 -9999 -9999 -9999 324 328 329 332 333 335 341 342 336 328 322 317 312 314 315 318 324 329 331 338 345 355 367 379 394 395 397 403 422 416 398 393 394 395 392 399 402 404 400 397 398 399 413 407 403 403
-9999 -9999 -9999 -9999 -9999 -9999 -9999 -9999 -9999 -9999 -9999 -9999 -9999 -9999 -9999 -9999 -9999 -9999 -9999 -9999 -9999 -9999 -9999 -9999 -9999 -9999 -9999 -9999 -9999 -9999 -9999 -9999 -9999 -9999 -9999 -9999 -9999 -9999 -9999 -9999 -9999 -9999 322 327 327 330 331 332 341 352 345 338 328 321 318 318 320 322 326 332 336 341 348 357 368 378 397 394 392 397 404 408 390 384 393 388 388 397 400 399 400 393 392 395 420 406 405 394
-9999 -9999 -9999 -9999 -9999 -9999 -9999 -9999 -9999 -9999 -9999 -9999 -9999 -9999 -9999 -9999 -9999 -9999 -9999 -9999 -9999 -9999 -9999 -9999 -9999 -9999 -9999 -9999 -9999 -9999 -9999 -9999 -9999 -9999 -9999 -9999 -9999 -9999 -9999 -9999 -9999 -9999 322 323 323 326 328 333 334 347 345 341 333 326 323 322 325 323 327 333 339 344 350 360 371 394 387 402 388 397 397 393 380 379 384 378 383 387 387 394 388 386 383 389 388 382 387 382
-9999 -9999 -9999 -9999 -9999 -9999 -9999 -9999 -9999 -9999 -9999 -9999 -9999 -9999 -9999 -9999 -9999 -9999 -9999 -9999 -9999 -9999 -9999 -9999 -9999 -9999 -9999 -9999 -9999 -9999 -9999 -9999 -9999 -9999 -9999 -9999 -9999 -9999 -9999 -9999 -9999 -9999 322 323 325 322 322 336 345 335 331 332 339 334 333 330 327 326 327 335 343 349 356 364 378 382 380 388 387 388 393 394 376 372 371 376 382 379 379 391 382 378 379 389 389 381 374 370
-9999 -9999 -9999 -9999 -9999 -9999 -9999 -9999 -9999 -9999 -9999 -9999 -9999 -9999 -9999 -9999 -9999 -9999 -9999 -9999 -9999 -9999 -9999 -9999 -9999 -9999 -9999 -9999 -9999 -9999 -9999 -9999 -9999 -9999 -9999 -9999 -9999 -9999 -9999 -9999 -9999 -9999 322 321 323 322 326 324 341 326 329 325 333 338 337 332 331 327 329 330 343 354 363 379 381 382 378 389 388 385 427 395 398 380 366 368 370 370 376 382 382 377 378 385 394 382 376 359
-9999 -9999 -9999 -9999 -9999 -9999 -9999 -9999 -9999 -9999 -9999 -9999 -9999 -9999 -9999 -9999 -9999 -9999 -9999 -9999 -9999 -9999 -9999 -9999 -9999 -9999 -9999 -9999 -9999 -9999 -9999 -9999 -9999 -9999 -9999 -9999 -9999 -9999 -9999 -9999 -9999 -9999 318 317 316 318 327 337 337 326 325 325 329 335 336 332 330 328 328 330 344 352 351 357 364 373 369 387 392 375 381 387 402 391 362 359 363 369 375 377 378 379 369 366 361 362 355 349
-9999 -9999 -9999 -9999 -9999 -9999 -9999 -9999 -9999 -9999 -9999 -9999 -9999 -9999 -9999 -9999 -9999 -9999 -9999 -9999 -9999 -9999 -9999 -9999 -9999 -9999 -9999 -9999 -9999 -9999 -9999 -9999 -9999 -9999 -9999 -9999 -9999 -9999 -9999 -9999 -9999 -9999 317 315 316 320 375 365 337 327 323 322 326 332 334 331 328 325 327 330 344 351 349 350 354 358 364 370 368 371 379 379 388 390 360 353 355 360 372 388 388 384 382 371 367 364 360 352
