Data/environmental_layers/bio_8.asc
NCOLS 1388 
NROWS 588 
XLLCORNER -124.791663787 
YLLCORNER 24.9166710953946 
CELLSIZE 0.0416666688394528 
NODATA_value -9999 
[rows 82 to 122 of 588, columns 465 to 557 of 1388]
127 126 125 122 122 123 124 125 126 127 175 174 171 169 169 168 167 168 167 167 165 165 166 164 164 162 162 163 164 166 167 167 168 169 170 170 169 169 168 167 166 167 169 169 170 171 171 172 172 172 172 172 172 171 171 171 170 170 170 170 170 169 168 167 167 166 167 168 169 170 171 172 172 173 175 176 176 175 175 177 177 176 176 176 176 177 177 178 178 179 180 180 179
127 125 123 122 121 121 122 123 125 126 176 173 172 169 167 167 166 164 164 164 165 165 163 163 163 163 165 166 167 167 168 169 169 170 170 171 171 170 168 168 167 169 168 169 169 170 171 171 172 172 173 172 171 171 172 171 171 171 171 171 171 171 170 170 169 169 169 168 169 170 172 172 174 175 176 176 176 176 176 176 176 176 176 176 176 177 178 178 179 180 180 179 179
127 125 123 120 119 119 121 122 124 126 126 174 172 169 166 164 164 164 165 164 164 162 160 161 161 164 165 167 168 169 169 170 171 170 169 170 171 170 170 168 167 166 166 168 170 171 170 172 172 172 171 171 170 170 171 170 170 170 169 170 170 170 171 170 171 172 172 171 172 171 171 172 174 175 177 177 177 177 177 178 177 177 177 176 176 176 177 179 178 178 178 179 179
126 124 123 122 122 120 120 121 124 127 126 175 173 172 169 165 163 164 164 162 161 161 158 160 164 165 167 168 169 169 170 170 170 169 169 170 171 170 170 169 169 170 169 169 169 167 168 171 170 170 171 171 171 170 169 169 168 168 169 169 170 171 171 169 170 171 172 173 174 174 173 174 175 175 177 179 178 179 178 179 179 179 179 177 178 177 177 178 179 179 179 180 180
125 124 122 122 120 120 123 125 126 126 175 174 174 173 173 171 167 164 164 162 157 157 159 162 166 168 169 170 169 168 169 168 169 169 170 170 171 170 169 169 170 170 171 171 172 172 169 168 171 171 171 172 172 172 172 171 169 170 169 170 169 170 170 169 168 169 170 171 174 175 176 177 178 179 179 179 180 180 180 180 181 181 180 179 180 180 179 179 180 181 182 181 182
125 123 121 121 121 123 125 127 126 125 174 173 173 172 171 170 169 167 163 165 165 164 166 167 168 169 170 168 166 165 168 169 169 169 170 170 172 171 170 169 169 169 170 170 169 172 173 172 173 171 170 171 172 172 172 172 173 172 172 172 171 170 170 170 169 170 170 171 173 174 176 177 177 178 179 181 181 182 182 182 182 182 182 182 182 182 181 181 181 182 182 183 184
124 123 122 122 125 126 127 126 126 174 174 172 172 170 170 168 163 162 165 167 168 168 168 169 169 170 170 167 162 164 167 169 169 170 171 172 172 171 171 169 170 171 171 172 170 170 172 174 174 173 172 172 173 172 170 171 171 173 173 174 173 171 172 173 171 173 172 173 174 175 175 176 178 179 180 181 181 181 182 183 183 184 184 183 183 183 183 183 182 184 184 184 184
124 122 122 125 127 126 125 125 124 124 173 172 171 171 168 165 162 165 167 168 168 169 169 169 170 170 169 166 160 161 167 169 170 171 172 173 172 171 170 171 170 171 171 172 172 173 174 174 174 175 175 175 174 174 173 173 173 172 173 173 174 175 175 175 175 174 175 174 175 175 175 176 178 179 181 181 180 180 179 181 182 183 184 184 184 184 184 184 184 185 185 185 185
123 122 123 126 126 124 123 126 124 124 174 173 172 170 167 166 166 167 167 167 168 168 168 169 170 169 168 167 164 161 164 167 169 171 173 173 172 171 170 170 172 173 173 172 173 174 174 174 175 175 176 175 175 175 175 175 175 175 175 175 175 175 174 175 175 176 177 178 178 178 178 179 179 181 180 180 179 179 179 180 181 182 182 182 183 183 183 184 185 184 184 183 184
123 122 124 127 125 124 122 123 125 173 173 174 173 171 168 167 167 168 169 168 169 169 169 170 170 169 168 164 161 161 162 164 167 172 173 173 172 171 170 171 173 174 174 175 174 174 175 175 176 176 175 173 171 169 171 173 174 174 174 173 173 173 172 173 173 173 176 177 177 179 179 180 180 180 180 179 179 179 178 179 180 180 181 181 181 182 183 184 184 183 183 183 184
122 124 126 126 125 123 121 121 124 125 173 172 173 173 172 169 167 167 168 168 168 169 170 170 170 169 167 164 166 168 167 166 170 172 174 173 172 171 172 174 174 175 175 175 176 175 175 175 175 175 174 173 169 164 167 170 171 172 172 172 171 171 172 172 173 173 175 176 176 176 178 178 178 178 178 179 179 179 179 181 181 181 182 182 183 183 184 184 184 183 182 183 184
124 126 126 124 123 123 121 120 122 174 173 171 171 172 172 171 169 168 169 169 168 169 169 170 170 167 165 164 166 169 170 172 173 173 174 173 173 172 172 173 174 174 174 174 174 175 175 175 175 174 174 173 171 169 168 170 171 172 172 172 171 172 173 173 174 174 175 175 176 177 177 176 177 176 177 177 178 178 178 179 180 181 182 181 182 183 183 183 183 182 181 183 182
124 126 126 124 123 121 120 119 171 172 174 173 172 170 169 168 168 168 169 169 170 171 171 171 169 163 164 167 168 168 171 172 174 174 173 172 172 171 172 171 173 174 173 174 174 175 175 173 173 174 173 172 171 165 169 171 172 173 174 174 174 174 174 174 175 175 175 175 175 176 177 178 178 178 178 177 178 177 177 178 179 180 180 180 181 182 182 182 181 181 181 180 181
126 125 126 123 123 123 122 121 169 172 173 172 170 170 168 168 168 169 169 170 170 171 171 171 170 169 168 168 170 171 172 173 174 173 171 166 168 170 171 171 170 171 173 173 174 174 173 173 173 173 172 173 170 166 169 171 172 173 173 174 175 176 176 176 176 177 178 177 177 177 177 178 178 179 179 178 179 178 179 179 179 180 180 179 180 180 180 181 181 181 180 179 180
124 123 126 124 123 122 171 171 170 170 171 171 170 168 168 169 169 170 170 170 170 170 170 169 168 170 170 172 172 172 172 173 174 173 172 167 164 168 171 170 167 168 171 172 173 172 173 173 172 172 172 172 169 167 169 170 171 172 172 172 173 174 175 176 177 177 178 179 179 178 177 177 177 178 178 179 179 179 180 180 180 181 181 181 180 180 180 181 181 182 182 181 181
123 123 125 124 123 122 171 171 170 168 167 169 170 168 168 169 169 170 170 169 169 169 168 166 166 167 169 172 173 173 174 174 174 173 172 171 167 167 171 171 167 168 170 172 173 174 174 174 174 175 175 174 173 170 169 169 170 171 173 174 174 174 175 175 176 176 177 177 178 179 180 178 178 178 177 178 179 180 181 181 181 182 183 182 181 182 182 182 182 182 183 183 181
123 124 125 173 172 173 173 173 171 168 167 166 168 168 168 168 168 168 168 168 169 168 167 168 168 169 171 172 173 174 174 174 174 173 172 173 173 173 174 174 173 172 173 174 173 174 174 174 174 174 175 175 175 174 175 174 172 171 173 174 175 176 176 176 177 177 178 178 179 179 180 180 180 179 179 178 178 179 180 182 183 183 183 184 183 183 183 183 183 182 183 184 182
122 124 175 172 171 171 170 172 172 171 168 166 168 168 168 168 166 167 166 166 168 168 170 171 171 172 173 174 175 175 175 175 175 174 172 174 175 175 176 175 175 174 174 175 175 176 174 174 174 174 174 174 175 176 176 176 174 175 175 174 175 174 174 175 176 176 176 176 177 177 178 178 179 180 180 181 181 181 181 182 183 183 184 184 184 184 184 184 184 183 183 184 184
121 173 174 173 172 171 170 168 170 172 169 166 167 166 166 166 166 168 168 170 170 171 171 172 173 174 174 175 175 174 174 173 174 174 173 174 174 176 177 177 177 176 176 175 174 175 176 176 175 175 174 173 174 175 176 177 177 177 176 177 177 177 177 176 176 177 177 178 178 178 178 179 179 180 180 181 182 183 183 184 184 184 184 184 184 184 184 184 185 185 185 185 185
172 173 174 173 171 170 168 166 168 169 169 164 166 167 167 168 168 169 170 170 171 172 172 173 174 174 175 174 174 174 174 174 173 173 173 173 175 176 176 177 177 177 177 177 177 176 176 176 177 176 176 174 174 175 175 176 177 178 178 178 179 178 179 179 179 179 179 180 180 180 180 181 181 181 182 182 183 184 185 185 185 186 185 186 185 186 185 185 185 185 183 183 183
172 173 174 172 172 171 170 168 165 166 168 166 166 167 168 169 170 170 171 171 172 171 172 173 174 175 175 174 173 174 174 172 173 174 174 174 174 175 176 177 177 177 177 178 178 177 177 177 177 177 177 177 176 176 175 176 176 177 177 178 178 180 180 180 180 181 181 181 181 181 181 181 181 181 181 183 183 183 183 184 184 185 185 186 185 185 185 185 184 183 181 181 181
172 173 174 172 171 170 168 168 165 162 162 164 164 165 166 168 170 171 172 172 172 173 174 174 175 174 174 174 173 173 174 174 175 175 176 176 176 175 175 176 177 177 178 177 178 178 178 178 178 178 178 178 178 178 178 177 177 177 178 178 179 180 179 178 178 179 179 180 180 180 180 180 181 182 182 183 183 182 183 184 185 185 185 185 184 183 183 183 182 181 180 180 180
173 174 173 172 172 170 167 165 162 161 163 164 165 166 167 168 169 171 171 172 172 173 174 174 175 174 174 174 175 174 173 175 177 176 176 177 176 176 175 176 176 176 176 176 177 178 176 175 177 178 177 177 178 178 178 178 178 179 179 179 178 178 178 177 176 176 177 178 178 179 179 180 180 181 181 181 182 183 184 184 184 185 185 184 184 182 182 181 181 181 180 181 181
173 174 172 170 170 169 169 166 161 163 165 166 167 168 168 168 170 171 172 172 173 173 174 175 174 173 174 173 175 177 178 176 176 178 178 178 179 178 176 175 176 177 177 177 178 177 174 174 176 177 177 176 176 176 175 176 176 177 178 177 176 177 177 177 176 175 176 177 177 177 177 178 179 180 180 181 182 183 184 184 185 184 184 184 184 183 182 181 182 181 180 180 180
171 174 172 171 169 166 165 163 162 164 164 165 168 169 169 170 171 171 171 171 172 173 174 173 174 175 173 174 176 177 179 179 178 178 179 179 179 179 178 126 125 124 124 124 124 124 122 123 125 176 176 176 176 176 176 176 176 177 177 177 177 178 179 178 178 177 178 178 178 178 178 178 179 181 181 182 182 183 184 186 186 185 185 185 184 185 185 182 181 181 181 180 179
171 174 172 170 169 168 163 163 165 166 166 167 167 168 170 171 171 170 171 173 172 171 171 171 174 176 177 175 177 178 178 179 180 180 179 180 180 180 129 128 128 126 126 125 125 126 125 125 125 125 176 177 177 178 178 178 178 178 179 179 179 179 180 180 179 179 179 180 179 180 180 181 181 181 182 183 184 184 184 185 187 187 187 185 185 185 185 184 183 182 182 182 181
172 173 171 170 170 168 165 165 166 166 167 168 169 169 170 170 171 171 171 169 169 168 169 172 175 175 176 179 178 178 179 179 179 180 181 181 128 129 130 130 129 128 127 127 127 126 126 126 126 126 125 176 177 178 178 178 179 179 179 180 180 181 181 181 182 181 181 181 181 181 182 182 182 183 183 184 185 186 186 186 187 187 188 187 186 186 186 186 185 184 183 183 184
170 173 171 169 168 167 167 166 166 166 167 168 169 169 170 171 170 169 168 166 164 166 169 172 175 174 175 177 179 179 179 180 179 128 129 130 131 130 130 131 131 130 129 129 129 128 127 126 127 127 126 125 125 176 177 178 179 179 179 180 181 182 181 182 182 183 183 182 182 182 182 183 184 184 184 184 185 186 187 187 188 187 188 188 188 188 186 187 186 186 185 184 185
171 172 171 171 169 166 164 164 164 165 166 167 168 169 169 167 168 166 165 165 165 168 171 173 171 170 173 177 179 180 179 180 130 129 128 128 129 130 131 131 131 132 131 130 129 129 128 127 127 128 127 127 126 125 177 178 178 179 179 179 180 181 180 180 182 183 182 183 184 184 184 184 184 185 186 185 186 187 188 188 188 188 188 189 190 189 189 188 188 188 186 185 185
171 171 170 169 169 168 164 163 165 166 166 168 167 163 164 164 165 163 164 166 167 171 171 168 113 114 120 173 177 179 181 130 130 130 131 130 129 129 130 131 131 131 132 132 131 130 129 129 128 128 128 128 127 127 178 178 179 179 180 179 179 178 178 179 181 181 180 181 182 183 184 186 186 186 187 187 187 188 189 189 189 189 190 190 191 192 190 189 190 189 188 187 188
171 171 170 168 167 166 165 163 165 166 167 167 166 162 160 160 161 160 161 166 171 169 168 118 111 113 117 120 123 125 127 128 130 131 132 131 131 131 130 130 131 131 132 132 131 131 130 130 130 130 130 129 127 128 128 180 180 181 181 180 181 180 179 178 178 178 179 180 181 182 182 183 184 185 186 187 187 188 189 189 190 190 189 189 189 190 192 192 192 191 190 188 189
119 171 170 167 166 164 163 165 165 165 165 167 167 164 160 161 161 163 165 170 168 166 112 115 111 110 115 119 121 124 126 127 127 130 131 131 132 132 132 132 132 132 131 131 132 131 132 131 131 131 131 130 128 128 181 181 182 182 182 182 181 181 180 179 177 177 179 180 181 182 183 183 183 184 186 186 187 187 187 187 187 188 188 188 188 189 190 190 193 194 193 192 192
113 168 170 169 167 165 163 163 162 165 162 165 166 164 160 160 164 168 169 167 165 112 110 110 110 110 112 116 121 123 125 126 127 129 130 130 131 131 131 129 131 133 132 132 132 132 132 132 132 132 132 132 130 128 129 130 182 183 183 183 183 182 180 179 178 176 177 178 179 180 181 182 183 184 186 186 187 186 187 187 188 187 188 189 190 190 190 191 192 194 195 195 196
111 116 170 169 168 167 164 163 162 161 163 165 166 163 160 160 163 169 165 164 111 111 106 104 105 104 109 114 117 122 122 122 124 127 127 128 129 130 131 129 128 130 131 131 131 131 132 132 132 131 132 132 133 130 130 183 183 184 184 184 185 183 181 181 179 177 177 177 179 179 181 182 183 184 185 186 186 187 188 189 189 189 189 189 191 192 193 192 193 194 195 194 195
117 119 169 169 168 166 164 163 161 161 163 165 165 163 163 166 168 165 164 162 106 104 104 99 101 105 111 117 120 123 124 127 128 129 129 129 129 130 128 128 128 127 128 130 130 130 132 132 131 132 132 131 132 133 132 183 184 184 185 186 186 184 183 183 182 180 180 180 179 181 181 183 184 185 186 187 187 188 189 191 191 192 193 193 194 193 194 196 197 196 195 197 197
115 118 116 168 169 168 166 165 163 161 163 165 165 166 164 166 168 165 161 159 106 100 93 93 95 105 112 117 119 121 123 124 125 126 123 123 127 126 121 122 126 125 125 128 128 129 130 132 130 131 131 131 131 133 186 186 185 184 184 185 186 185 184 183 183 183 183 183 183 183 184 184 185 186 188 189 189 190 190 191 194 196 196 195 195 196 195 195 192 192 193 193 193
113 115 113 116 118 168 167 165 164 162 163 164 164 162 165 165 168 163 162 159 103 97 89 85 93 109 114 116 117 118 118 117 115 116 111 115 118 122 121 121 122 120 123 125 128 130 130 130 131 132 132 133 133 134 185 187 185 184 183 185 186 187 185 185 184 183 184 185 185 185 185 188 188 188 191 192 192 190 192 193 195 193 193 193 191 192 190 192 191 191 192 192 194
112 111 112 115 168 169 167 165 163 164 164 165 166 163 165 166 168 164 160 160 155 100 99 91 96 107 113 114 113 110 111 107 103 103 103 104 108 109 111 112 115 117 116 120 125 127 130 131 130 130 130 130 131 131 133 187 188 186 184 184 185 188 187 186 186 186 186 187 187 187 188 189 192 194 194 193 194 194 195 195 194 190 193 191 192 189 190 190 190 190 191 191 194
113 111 113 116 117 168 165 164 164 165 167 166 168 167 166 168 167 167 164 159 158 155 155 102 105 109 110 112 109 107 102 95 95 96 95 99 103 97 101 102 105 106 109 115 115 123 126 128 129 131 132 132 132 133 184 184 186 188 189 186 186 187 189 188 189 189 189 189 190 190 191 191 194 191 193 192 190 189 193 193 190 191 191 190 191 189 189 189 189 190 191 192 194
113 111 110 111 115 115 165 164 165 165 166 168 169 169 168 169 168 167 167 163 161 157 159 107 107 108 109 109 105 104 98 90 85 90 93 98 93 88 93 100 102 98 100 106 106 108 116 123 127 128 130 131 132 185 185 186 186 186 188 190 190 190 190 191 192 191 191 191 191 192 191 191 189 192 194 190 188 189 192 191 189 189 189 190 189 190 188 189 190 191 191 192 193
112 112 112 112 114 115 166 165 165 167 169 169 168 169 169 169 167 168 167 166 163 161 159 158 160 109 108 101 101 102 98 92 87 88 89 88 93 89 87 94 93 95 98 101 101 102 108 120 126 128 129 128 180 181 182 183 184 185 187 188 188 188 188 187 187 187 187 187 187 187 187 188 190 194 191 188 186 187 190 191 187 187 187 189 189 189 188 189 189 190 191 190 192
