Data/environmental_layers/bio_2.asc
NCOLS 1388 
NROWS 588 
XLLCORNER -124.791663787 
YLLCORNER 24.9166710953946 
CELLSIZE 0.0416666688394528 
NODATA_value -9999 
[rows 480 to 519 of 588, columns 637 to 727 of 1388]
124 125 126 127 127 127 128 128 129 130 130 130 131 130 131 131 131 131 130 129 129 128 128 127 125 125 124 123 123 122 121 121 121 121 121 122 122 122 123 123 123 123 123 124 123 123 123 123 123 122 122 121 120 119 119 118 117 116 115 114 114 112 112 110 109 108 107 105 104 103 103 102 101 99 97 95 92 90 87 85 83 -9999 -9999 78 79 80 -9999 -9999 -9999 -9999 -9999
125 126 127 128 128 128 128 129 129 130 130 130 130 131 131 131 131 130 130 129 129 128 128 127 126 125 124 124 123 122 121 121 121 120 121 121 121 121 122 122 122 122 122 123 122 122 123 122 122 122 122 120 120 119 118 117 116 116 115 114 113 112 111 110 109 108 107 106 104 104 103 101 100 98 96 93 91 89 86 83 81 -9999 76 76 75 -9999 -9999 -9999 -9999 -9999 -9999
126 126 127 128 129 129 129 130 130 130 130 130 131 131 131 131 130 130 130 129 129 128 128 127 126 125 125 124 123 122 121 121 121 121 120 120 121 121 121 121 121 121 122 122 122 122 122 122 122 121 121 120 119 118 118 117 116 115 114 113 113 112 111 110 109 108 107 106 104 103 102 101 99 97 95 92 90 87 85 82 80 -9999 74 74 75 -9999 -9999 -9999 -9999 -9999 -9999
127 127 128 129 130 130 130 130 130 130 130 130 130 131 131 131 130 130 130 130 129 128 128 127 126 125 125 124 123 122 121 121 120 120 120 120 120 120 120 120 120 120 121 121 121 121 121 121 121 121 120 119 118 118 117 116 115 114 113 113 112 111 111 110 109 108 107 106 105 103 102 100 98 96 94 92 89 86 84 -9999 78 76 73 -9999 -9999 -9999 -9999 -9999 -9999 -9999 -9999
129 129 130 130 130 131 131 130 130 131 130 130 131 131 131 130 130 130 130 129 129 128 128 127 126 126 125 124 123 122 121 121 120 120 119 119 119 119 119 119 119 119 120 120 120 120 120 120 120 120 119 118 118 117 116 115 114 114 113 112 111 111 110 109 109 108 107 105 104 103 101 99 97 95 93 91 88 86 -9999 80 78 76 -9999 -9999 -9999 -9999 -9999 -9999 -9999 -9999 -9999
130 131 131 131 131 131 131 131 131 131 131 131 131 130 130 130 130 130 130 129 129 128 128 127 126 125 124 123 122 122 121 120 119 119 118 118 118 118 118 118 118 118 118 118 119 119 119 119 119 119 118 118 117 115 115 114 113 113 112 111 111 110 109 109 108 107 107 105 104 102 100 98 97 94 93 90 88 84 83 81 -9999 -9999 -9999 -9999 -9999 -9999 -9999 -9999 -9999 -9999 -9999
131 132 132 132 132 132 132 132 131 131 131 131 131 130 130 130 130 130 129 129 129 129 128 127 126 125 124 123 122 121 120 120 119 118 118 117 117 117 117 117 117 117 117 117 117 117 118 118 118 117 117 116 115 114 114 113 112 112 111 110 110 109 109 108 108 107 106 105 103 101 100 97 96 93 92 -9999 86 85 -9999 -9999 -9999 -9999 -9999 -9999 -9999 -9999 -9999 -9999 -9999 -9999 -9999
132 133 133 133 132 132 132 132 131 131 131 131 130 130 130 130 130 130 129 129 129 129 128 127 126 125 124 122 122 121 120 119 118 118 117 116 116 116 116 116 115 115 116 116 116 116 116 116 116 116 115 115 114 113 112 112 111 110 110 109 109 108 108 107 107 106 106 104 103 101 99 97 95 93 91 88 87 -9999 -9999 -9999 -9999 -9999 -9999 -9999 -9999 -9999 -9999 -9999 -9999 -9999 -9999
132 133 134 133 133 132 132 132 132 131 131 131 130 130 130 130 129 129 129 129 129 128 128 127 126 124 123 122 121 120 119 118 117 117 116 116 115 115 114 114 114 114 114 114 114 115 115 115 115 114 114 113 112 112 111 110 110 109 108 108 107 107 107 106 105 105 104 103 101 100 98 96 94 92 -9999 -9999 -9999 -9999 -9999 -9999 -9999 -9999 -9999 -9999 -9999 -9999 -9999 -9999 -9999 -9999 -9999
133 133 134 133 133 132 132 132 132 132 131 131 130 130 130 130 129 129 129 128 128 128 127 126 125 124 123 122 120 119 118 117 116 116 115 114 114 114 113 113 113 112 113 113 113 113 113 113 113 113 112 111 111 110 110 109 108 108 107 107 106 106 105 105 104 103 103 101 100 99 97 95 93 -9999 -9999 -9999 -9999 -9999 -9999 -9999 -9999 -9999 -9999 -9999 -9999 -9999 -9999 -9999 -9999 -9999 -9999
134 133 133 133 133 133 132 132 132 131 131 131 131 130 129 129 129 129 129 128 128 127 126 126 124 123 122 121 119 119 117 116 115 114 114 113 113 112 112 111 111 111 110 111 110 111 111 111 110 110 110 109 109 108 108 107 107 106 106 105 105 104 104 103 103 102 101 100 99 97 96 94 93 -9999 -9999 -9999 -9999 -9999 -9999 -9999 -9999 -9999 -9999 -9999 -9999 -9999 -9999 -9999 -9999 -9999 -9999
134 134 133 133 133 132 132 132 132 131 131 131 130 130 129 129 129 129 128 128 127 127 126 125 124 122 122 120 119 118 116 115 114 113 112 112 111 111 110 110 109 109 109 109 109 108 108 109 108 108 107 107 107 106 106 106 105 105 104 104 103 103 102 102 101 100 100 98 97 96 95 94 -9999 -9999 -9999 -9999 -9999 -9999 -9999 -9999 -9999 -9999 -9999 -9999 -9999 -9999 -9999 -9999 -9999 -9999 -9999
134 134 133 133 133 132 132 132 131 131 131 131 130 130 129 129 128 128 128 127 127 126 125 124 123 122 121 119 118 116 115 114 113 112 111 111 110 109 108 108 107 107 107 107 106 106 106 106 106 106 105 105 105 105 104 103 103 102 102 102 101 101 101 100 99 99 98 97 96 95 -9999 -9999 -9999 -9999 -9999 -9999 -9999 -9999 -9999 -9999 -9999 -9999 -9999 -9999 -9999 -9999 -9999 -9999 -9999 -9999 -9999
134 134 133 133 132 132 132 132 131 131 130 130 130 130 129 129 128 128 128 127 127 126 125 124 123 121 120 118 117 116 114 113 112 111 110 109 108 107 107 106 106 105 105 105 104 104 104 103 103 103 103 103 103 102 102 102 101 101 101 100 100 100 99 98 98 97 96 96 95 -9999 -9999 -9999 -9999 -9999 -9999 -9999 -9999 -9999 -9999 -9999 -9999 -9999 -9999 -9999 -9999 -9999 -9999 -9999 -9999 -9999 -9999
134 134 133 133 132 132 131 131 131 131 130 130 130 129 129 128 128 127 127 127 126 125 124 123 122 121 119 118 116 115 113 112 111 110 109 108 107 106 105 105 104 103 103 102 102 102 101 101 101 101 101 101 101 100 100 100 99 99 99 98 98 97 97 97 96 96 -9999 -9999 -9999 -9999 -9999 -9999 -9999 -9999 -9999 -9999 -9999 -9999 -9999 -9999 -9999 -9999 -9999 -9999 -9999 -9999 -9999 -9999 -9999 -9999 -9999
134 133 133 133 132 132 131 130 130 130 129 130 129 129 128 128 127 127 127 126 126 125 124 123 121 120 118 117 115 114 112 111 110 108 108 106 105 105 104 103 102 101 101 100 100 99 99 99 99 99 99 99 98 98 98 98 97 97 97 97 97 96 96 95 95 -9999 -9999 -9999 -9999 -9999 -9999 -9999 -9999 -9999 -9999 -9999 -9999 -9999 -9999 -9999 -9999 -9999 -9999 -9999 -9999 -9999 -9999 -9999 -9999 -9999 -9999
134 134 133 132 132 131 131 130 130 129 129 129 128 128 128 128 127 127 126 126 125 124 123 122 121 119 118 116 114 113 111 110 109 107 106 105 104 103 102 101 100 99 99 98 98 97 97 96 96 96 96 97 96 96 96 96 96 96 96 96 95 94 95 -9999 -9999 -9999 -9999 -9999 -9999 -9999 -9999 -9999 -9999 -9999 -9999 -9999 -9999 -9999 -9999 -9999 -9999 -9999 -9999 -9999 -9999 -9999 -9999 -9999 -9999 -9999 -9999
134 134 133 133 132 131 131 130 129 129 129 128 128 127 127 127 127 126 126 125 125 124 122 121 120 118 117 115 113 112 110 109 108 106 105 104 102 101 100 -9999 98 97 97 96 95 95 95 95 95 94 94 95 94 94 94 94 -9999 93 93 94 94 -9999 -9999 -9999 -9999 -9999 -9999 -9999 -9999 -9999 -9999 -9999 -9999 -9999 -9999 -9999 -9999 -9999 -9999 -9999 -9999 -9999 -9999 -9999 -9999 -9999 -9999 -9999 -9999 -9999 -9999
134 133 133 132 132 131 130 129 129 128 128 127 127 126 126 126 126 126 125 125 124 123 122 120 119 117 116 114 113 111 109 108 106 105 103 102 101 100 98 97 96 96 95 94 93 93 93 -9999 93 93 93 93 93 93 92 92 92 92 93 -9999 -9999 -9999 -9999 -9999 -9999 -9999 -9999 -9999 -9999 -9999 -9999 -9999 -9999 -9999 -9999 -9999 -9999 -9999 -9999 -9999 -9999 -9999 -9999 -9999 -9999 -9999 -9999 -9999 -9999 -9999 -9999
134 133 133 132 131 131 130 129 129 128 128 127 126 126 125 125 125 124 124 124 123 122 121 120 118 117 115 113 111 110 108 107 105 104 102 101 99 98 97 96 -9999 94 93 92 92 -9999 -9999 -9999 90 91 91 91 -9999 90 91 91 -9999 -9999 -9999 -9999 -9999 -9999 -9999 -9999 -9999 -9999 -9999 -9999 -9999 -9999 -9999 -9999 -9999 -9999 -9999 -9999 -9999 -9999 -9999 -9999 -9999 -9999 -9999 -9999 -9999 -9999 -9999 -9999 -9999 -9999 -9999
134 133 132 132 131 130 129 129 128 127 127 126 126 125 125 124 124 123 123 123 122 121 120 119 117 115 114 112 110 109 107 105 104 102 101 99 98 97 95 94 93 91 91 -9999 -9999 -9999 -9999 -9999 -9999 -9999 -9999 -9999 90 90 -9999 -9999 -9999 -9999 -9999 -9999 -9999 -9999 -9999 -9999 -9999 -9999 -9999 -9999 -9999 -9999 -9999 -9999 -9999 -9999 -9999 -9999 -9999 -9999 -9999 -9999 -9999 -9999 -9999 -9999 -9999 -9999 -9999 -9999 -9999 -9999 -9999
134 133 132 132 131 130 129 128 127 127 126 125 125 124 124 123 123 122 122 121 121 120 119 118 116 114 113 111 110 108 106 104 103 101 100 98 97 95 94 92 91 90 89 -9999 -9999 -9999 -9999 -9999 -9999 -9999 88 88 -9999 -9999 -9999 -9999 -9999 -9999 -9999 -9999 -9999 -9999 -9999 -9999 -9999 -9999 -9999 -9999 -9999 -9999 -9999 -9999 -9999 -9999 -9999 -9999 -9999 -9999 -9999 -9999 -9999 -9999 -9999 -9999 -9999 -9999 -9999 -9999 -9999 -9999 -9999
133 133 132 131 130 129 128 128 127 126 125 124 124 123 122 122 122 121 121 120 120 119 118 116 115 114 112 110 108 106 104 103 101 100 99 97 95 94 92 91 90 88 87 86 -9999 -9999 -9999 -9999 -9999 -9999 -9999 -9999 -9999 -9999 -9999 -9999 -9999 -9999 -9999 -9999 -9999 -9999 -9999 -9999 -9999 -9999 -9999 -9999 -9999 -9999 -9999 -9999 -9999 -9999 -9999 -9999 -9999 -9999 -9999 -9999 -9999 -9999 -9999 -9999 -9999 -9999 -9999 -9999 -9999 -9999 -9999
133 133 132 131 130 129 128 127 126 125 124 123 123 122 121 121 121 120 120 120 119 118 117 116 114 113 111 109 107 105 103 102 100 99 97 96 94 92 91 89 88 87 85 84 84 -9999 -9999 -9999 -9999 -9999 -9999 -9999 -9999 -9999 -9999 -9999 -9999 -9999 -9999 -9999 -9999 -9999 -9999 -9999 -9999 -9999 -9999 -9999 -9999 -9999 -9999 -9999 -9999 -9999 -9999 -9999 -9999 -9999 -9999 -9999 -9999 -9999 -9999 -9999 -9999 -9999 -9999 -9999 -9999 -9999 -9999
133 132 132 131 130 129 128 127 126 125 124 123 122 120 120 120 120 119 119 119 118 117 116 115 113 111 109 107 105 103 102 100 98 97 95 95 93 91 90 88 87 85 85 -9999 83 -9999 -9999 -9999 -9999 -9999 -9999 -9999 -9999 -9999 -9999 -9999 -9999 -9999 -9999 -9999 -9999 -9999 -9999 -9999 -9999 -9999 -9999 -9999 -9999 -9999 -9999 -9999 -9999 -9999 -9999 -9999 -9999 -9999 -9999 -9999 -9999 -9999 -9999 -9999 -9999 -9999 -9999 -9999 -9999 -9999 -9999
133 132 131 131 130 128 127 126 125 124 123 122 121 120 119 119 119 119 118 118 117 116 115 114 112 110 108 106 104 102 100 99 97 95 94 -9999 -9999 90 88 87 86 -9999 83 82 82 -9999 -9999 -9999 -9999 -9999 -9999 -9999 -9999 -9999 -9999 -9999 -9999 -9999 -9999 -9999 -9999 -9999 -9999 -9999 -9999 -9999 -9999 -9999 -9999 -9999 -9999 -9999 -9999 -9999 -9999 -9999 -9999 -9999 -9999 -9999 -9999 -9999 -9999 -9999 -9999 -9999 -9999 -9999 -9999 -9999 -9999
132 132 131 130 129 128 127 126 125 124 123 122 120 120 119 118 118 117 117 116 116 115 115 114 111 109 106 104 102 100 99 97 96 94 93 93 -9999 89 -9999 86 84 83 83 82 82 -9999 -9999 -9999 -9999 -9999 -9999 -9999 -9999 -9999 -9999 -9999 -9999 -9999 -9999 -9999 -9999 -9999 -9999 -9999 -9999 -9999 -9999 -9999 -9999 -9999 -9999 -9999 -9999 -9999 -9999 -9999 -9999 -9999 -9999 -9999 -9999 -9999 -9999 -9999 -9999 -9999 -9999 -9999 -9999 -9999 -9999
132 131 131 130 129 128 127 126 125 124 122 121 120 119 119 118 118 117 116 116 115 114 113 112 109 107 104 102 100 99 97 95 94 93 92 90 -9999 -9999 -9999 85 84 83 -9999 -9999 -9999 -9999 -9999 -9999 -9999 -9999 -9999 -9999 -9999 -9999 -9999 -9999 -9999 -9999 -9999 -9999 -9999 -9999 -9999 -9999 -9999 -9999 -9999 -9999 -9999 -9999 -9999 -9999 -9999 -9999 -9999 -9999 -9999 -9999 -9999 -9999 -9999 -9999 -9999 -9999 -9999 -9999 -9999 -9999 -9999 -9999 -9999
132 131 130 129 128 128 127 126 124 123 122 121 120 119 118 117 117 116 115 114 113 112 111 109 107 105 102 100 98 97 95 93 92 91 90 89 -9999 86 85 84 -9999 -9999 -9999 -9999 -9999 -9999 -9999 -9999 -9999 -9999 -9999 -9999 -9999 -9999 -9999 -9999 -9999 -9999 -9999 -9999 -9999 -9999 -9999 -9999 -9999 -9999 -9999 -9999 -9999 -9999 -9999 -9999 -9999 -9999 -9999 -9999 -9999 -9999 -9999 -9999 -9999 -9999 -9999 -9999 -9999 -9999 -9999 -9999 -9999 -9999 -9999
132 131 130 129 128 127 126 125 124 123 122 121 120 119 117 117 116 115 114 113 112 111 109 107 105 103 101 98 97 94 93 91 91 89 88 87 86 85 85 -9999 -9999 -9999 -9999 -9999 -9999 -9999 -9999 -9999 -9999 -9999 -9999 -9999 -9999 -9999 -9999 -9999 -9999 -9999 -9999 -9999 -9999 -9999 -9999 -9999 -9999 -9999 -9999 -9999 -9999 -9999 -9999 -9999 -9999 -9999 -9999 -9999 -9999 -9999 -9999 -9999 -9999 -9999 -9999 -9999 -9999 -9999 -9999 -9999 -9999 -9999 -9999
132 131 130 129 128 127 126 125 124 123 122 120 120 118 117 116 116 115 113 112 110 109 107 105 103 101 98 97 -9999 92 91 89 89 88 87 86 85 -9999 -9999 -9999 -9999 -9999 -9999 -9999 -9999 -9999 -9999 -9999 -9999 -9999 -9999 -9999 -9999 -9999 -9999 -9999 -9999 -9999 -9999 -9999 -9999 -9999 -9999 -9999 -9999 -9999 -9999 -9999 -9999 -9999 -9999 -9999 -9999 -9999 -9999 -9999 -9999 -9999 -9999 -9999 -9999 -9999 -9999 -9999 -9999 -9999 -9999 -9999 -9999 -9999 -9999
131 131 130 129 128 127 126 125 124 123 121 120 119 118 117 116 115 114 112 111 109 107 105 103 101 99 -9999 -9999 90 90 -9999 87 87 86 85 85 -9999 -9999 -9999 -9999 -9999 -9999 -9999 -9999 -9999 -9999 -9999 -9999 -9999 -9999 -9999 -9999 -9999 -9999 -9999 -9999 -9999 -9999 -9999 -9999 -9999 -9999 -9999 -9999 -9999 -9999 -9999 -9999 -9999 -9999 -9999 -9999 -9999 -9999 -9999 -9999 -9999 -9999 -9999 -9999 -9999 -9999 -9999 -9999 -9999 -9999 -9999 -9999 -9999 -9999 -9999
131 130 130 129 128 127 125 125 124 122 121 120 119 118 116 115 114 113 111 109 107 105 103 101 99 96 94 91 89 88 -9999 86 85 85 85 -9999 -9999 -9999 -9999 -9999 -9999 -9999 -9999 -9999 -9999 -9999 -9999 -9999 -9999 -9999 -9999 -9999 -9999 -9999 -9999 -9999 -9999 -9999 -9999 -9999 -9999 -9999 -9999 -9999 -9999 -9999 -9999 -9999 -9999 -9999 -9999 -9999 -9999 -9999 -9999 -9999 -9999 -9999 -9999 -9999 -9999 -9999 -9999 -9999 -9999 -9999 -9999 -9999 -9999 -9999 -9999
131 130 129 128 127 126 125 124 123 122 121 119 118 117 116 114 113 112 110 108 106 103 101 99 97 94 92 90 88 88 85 85 85 -9999 -9999 -9999 -9999 -9999 -9999 -9999 -9999 -9999 -9999 -9999 -9999 -9999 -9999 -9999 -9999 -9999 -9999 -9999 -9999 -9999 -9999 -9999 -9999 -9999 -9999 -9999 -9999 -9999 -9999 -9999 -9999 -9999 -9999 -9999 -9999 -9999 -9999 -9999 -9999 -9999 -9999 -9999 -9999 -9999 -9999 -9999 -9999 -9999 -9999 -9999 -9999 -9999 -9999 -9999 -9999 -9999 -9999
131 130 129 128 128 126 125 124 123 121 121 119 118 116 115 114 112 110 108 106 104 102 100 97 95 93 91 89 88 -9999 84 84 -9999 -9999 -9999 -9999 -9999 -9999 -9999 -9999 -9999 -9999 -9999 -9999 -9999 -9999 -9999 -9999 -9999 -9999 -9999 -9999 -9999 -9999 -9999 -9999 -9999 -9999 -9999 -9999 -9999 -9999 -9999 -9999 -9999 -9999 -9999 -9999 -9999 -9999 -9999 -9999 -9999 -9999 -9999 -9999 -9999 -9999 -9999 -9999 -9999 -9999 -9999 -9999 -9999 -9999 -9999 -9999 -9999 -9999 -9999
131 130 129 128 127 126 125 124 122 121 120 119 117 116 114 113 111 109 107 105 103 100 98 96 93 91 89 88 -9999 84 84 -9999 -9999 -9999 -9999 -9999 -9999 -9999 -9999 -9999 -9999 -9999 -9999 -9999 -9999 -9999 -9999 -9999 -9999 -9999 -9999 -9999 -9999 -9999 -9999 -9999 -9999 -9999 -9999 -9999 -9999 -9999 -9999 -9999 -9999 -9999 -9999 -9999 -9999 -9999 -9999 -9999 -9999 -9999 -9999 -9999 -9999 -9999 -9999 -9999 -9999 -9999 -9999 -9999 -9999 -9999 -9999 -9999 -9999 -9999 -9999
131 130 129 128 127 126 125 123 122 121 120 118 117 115 114 112 110 108 105 103 101 98 96 94 92 90 88 -9999 -9999 84 -9999 -9999 -9999 -9999 -9999 -9999 -9999 -9999 -9999 -9999 -9999 -9999 -9999 -9999 -9999 -9999 -9999 -9999 -9999 -9999 -9999 -9999 -9999 -9999 -9999 -9999 -9999 -9999 -9999 -9999 -9999 -9999 -9999 -9999 -9999 -9999 -9999 -9999 -9999 -9999 -9999 -9999 -9999 -9999 -9999 -9999 -9999 -9999 -9999 -9999 -9999 -9999 -9999 -9999 -9999 -9999 -9999 -9999 -9999 -9999 -9999
131 130 129 128 127 125 124 123 122 120 119 117 116 114 113 111 109 107 105 103 98 96 96 -9999 90 88 87 -9999 -9999 -9999 -9999 -9999 -9999 -9999 -9999 -9999 -9999 -9999 -9999 -9999 -9999 -9999 -9999 -9999 -9999 -9999 -9999 -9999 -9999 -9999 -9999 -9999 -9999 -9999 -9999 -9999 -9999 -9999 -9999 -9999 -9999 -9999 -9999 -9999 -9999 -9999 -9999 -9999 -9999 -9999 -9999 -9999 -9999 -9999 -9999 -9999 -9999 -9999 -9999 -9999 -9999 -9999 -9999 -9999 -9999 -9999 -9999 -9999 -9999 -9999 -9999
130 130 129 128 127 125 124 123 121 120 118 117 115 114 112 110 108 105 103 100 98 -9999 -9999 -9999 88 88 85 84 83 -9999 -9999 -9999 -9999 -9999 -9999 -9999 -9999 -9999 -9999 -9999 -9999 -9999 -9999 -9999 -9999 -9999 -9999 -9999 -9999 -9999 -9999 -9999 -9999 -9999 -9999 -9999 -9999 -9999 -9999 -9999 -9999 -9999 -9999 -9999 -9999 -9999 -9999 -9999 -9999 -9999 -9999 -9999 -9999 -9999 -9999 -9999 -9999 -9999 -9999 -9999 -9999 -9999 -9999 -9999 -9999 -9999 -9999 -9999 -9999 -9999 -9999
130 130 129 128 126 125 123 122 121 119 118 116 115 113 111 109 107 104 102 99 96 -9999 -9999 -9999 -9999 -9999 -9999 83 -9999 -9999 -9999 -9999 -9999 -9999 -9999 -9999 -9999 -9999 -9999 -9999 -9999 -9999 -9999 -9999 -9999 -9999 -9999 -9999 -9999 -9999 -9999 -9999 -9999 -9999 -9999 -9999 -9999 -9999 -9999 -9999 -9999 -9999 -9999 -9999 -9999 -9999 -9999 -9999 -9999 -9999 -9999 -9999 -9999 -9999 -9999 -9999 -9999 -9999 -9999 -9999 -9999 -9999 -9999 -9999 -9999 -9999 -9999 -9999 -9999 -9999 -9999
