Data/environmental_layers/bio_8.asc
NCOLS 1388 
NROWS 588 
XLLCORNER -124.791663787 
YLLCORNER 24.9166710953946 
CELLSIZE 0.0416666688394528 
NODATA_value -9999 
[rows 82 to 122 of 588, columns 651 to 743 of 1388]
182 181 182 182 182 183 183 184 184 184 184 184 183 184 184 183 184 184 184 184 184 184 185 184 184 184 184 207 207 206 206 206 205 205 205 204 203 202 202 201 200 199 200 200 200 199 198 199 198 198 198 198 198 199 198 199 199 199 199 199 199 199 200 199 199 199 199 200 199 199 201 201 201 201 201 201 202 202 202 201 200 199 199 198 198 197 196 194 193 193 192 191 191
183 183 182 180 178 180 182 183 184 184 184 184 184 185 185 184 184 185 185 185 185 185 185 185 185 186 185 208 208 207 207 207 206 206 205 204 204 203 202 201 201 200 200 200 200 199 199 199 199 198 198 198 198 199 199 199 199 199 200 200 200 200 200 200 200 199 199 200 200 200 202 202 202 202 202 202 202 202 203 202 201 201 200 199 198 197 196 195 194 193 192 192 191
183 183 182 178 176 176 179 183 184 184 185 185 185 185 185 185 185 186 186 186 186 185 185 185 186 187 186 209 209 208 208 207 207 206 205 205 204 203 202 201 201 201 200 200 200 200 199 199 199 199 199 199 199 199 200 200 199 200 201 200 201 201 200 201 201 200 200 201 201 202 202 202 202 203 203 203 203 203 203 203 202 201 201 200 199 197 196 195 194 193 193 193 192
183 183 180 178 176 176 177 181 183 185 185 185 186 186 185 185 186 186 186 186 187 186 186 186 187 188 187 187 210 209 208 208 207 206 206 205 204 203 202 201 201 201 200 200 200 200 199 199 199 198 199 200 200 200 200 201 200 201 201 201 201 201 201 202 202 202 201 202 202 203 203 202 202 202 203 203 204 203 204 204 203 202 201 201 199 198 196 196 195 194 194 193 193
184 182 179 177 176 176 177 177 179 183 185 186 186 186 186 186 186 187 187 187 187 186 186 186 187 188 188 188 188 210 209 208 207 206 206 205 204 204 203 202 201 201 200 200 200 200 199 199 199 199 199 199 200 200 201 201 201 201 201 201 202 202 202 202 202 203 202 202 203 204 203 202 203 204 204 204 204 204 204 204 203 202 202 201 200 198 197 196 195 195 194 194 194
183 181 179 178 178 178 177 177 177 178 183 185 186 187 187 187 187 187 187 188 187 187 187 187 188 188 188 188 188 210 209 208 208 207 206 205 204 204 203 202 201 201 200 200 200 201 200 200 200 200 201 200 201 201 201 201 202 202 201 202 202 202 203 203 203 203 203 202 203 204 204 203 203 204 204 204 204 204 204 204 203 203 202 201 200 198 197 197 196 196 195 195 195
182 179 179 179 179 179 178 178 178 177 177 182 186 187 188 188 187 187 188 187 187 187 188 188 188 187 187 188 188 210 209 209 207 207 206 205 204 204 203 202 201 200 200 201 200 201 200 201 201 201 201 201 201 201 201 202 202 202 202 203 203 203 203 203 204 204 204 204 204 204 204 204 204 204 204 204 204 204 204 203 203 203 203 202 201 199 198 198 197 197 196 196 196
181 179 180 180 180 180 179 179 179 177 177 177 183 186 187 188 188 188 188 188 188 188 188 187 187 187 187 187 210 210 209 208 208 207 206 205 204 203 203 202 201 200 200 201 200 201 201 201 202 202 202 203 202 202 202 202 203 203 203 203 203 203 203 204 204 205 204 205 205 205 205 205 204 204 205 206 205 206 204 204 203 203 203 203 201 200 199 199 198 197 197 197 197
180 180 180 181 181 181 180 179 180 179 177 177 179 184 187 188 188 188 188 188 188 187 187 187 187 187 187 187 187 209 209 208 208 207 206 205 205 204 203 203 202 201 201 201 200 201 202 202 202 203 203 203 204 206 205 203 203 203 203 203 204 204 203 204 204 204 205 205 205 206 206 205 206 205 206 206 205 206 205 205 205 204 203 202 201 200 200 199 198 198 198 198 198
181 181 181 181 181 181 181 180 180 180 178 178 177 181 185 187 188 188 188 189 188 187 187 186 187 187 187 187 186 209 208 208 207 206 206 205 204 204 203 203 202 201 201 200 201 202 202 202 203 203 204 205 205 206 205 204 204 204 204 204 204 204 204 204 205 205 205 205 206 206 206 206 206 206 207 206 206 206 206 205 205 205 204 203 201 201 200 199 199 199 199 199 199
181 181 181 181 182 182 181 180 180 179 178 178 177 178 184 187 188 188 188 188 189 188 187 187 187 187 187 186 209 209 208 207 207 206 206 205 204 204 204 203 202 202 201 201 201 202 203 203 204 204 204 204 205 204 205 204 204 205 205 205 205 205 205 205 205 205 205 206 206 207 207 207 207 207 206 207 206 206 206 206 205 205 205 203 202 201 201 200 201 200 201 200 201
180 181 181 182 182 182 181 180 180 180 179 178 177 176 181 186 187 188 187 187 187 188 187 187 187 187 187 186 185 208 208 207 207 206 206 205 205 204 203 203 202 202 202 201 202 203 204 204 205 205 205 204 204 205 205 205 205 205 205 205 205 205 206 206 206 206 206 206 207 208 207 208 208 208 207 207 207 206 206 207 206 205 204 204 203 202 202 201 202 202 202 202 202
181 182 182 182 182 183 182 181 181 180 179 179 178 176 179 184 186 187 187 187 186 186 187 186 186 186 186 185 185 208 207 207 207 206 206 205 205 204 204 203 203 203 202 202 203 204 204 205 205 205 204 204 205 206 205 206 205 205 205 205 206 206 206 207 207 207 207 206 206 207 207 207 208 208 208 208 208 207 208 207 206 205 205 205 204 203 203 203 203 203 203 203 203
182 182 182 182 183 183 183 182 181 181 179 178 178 176 178 181 184 186 186 187 186 186 187 187 186 186 186 186 185 208 208 208 207 206 206 206 206 205 205 204 204 204 203 203 204 205 205 206 207 207 206 205 205 206 206 207 207 207 206 205 205 206 206 207 208 208 208 207 207 207 207 208 208 208 209 209 209 208 206 207 206 206 206 206 205 205 205 204 204 204 204 204 204
182 182 182 183 183 183 183 182 182 180 179 178 178 177 176 178 182 185 185 185 186 186 185 186 187 187 187 187 186 208 209 208 208 207 207 207 206 206 205 205 204 204 203 204 204 205 206 207 207 208 208 208 207 208 207 207 208 207 207 206 206 206 207 207 208 208 208 209 208 208 208 209 208 209 209 209 208 208 207 207 207 206 206 206 206 206 206 205 206 206 205 205 206
182 182 183 183 183 183 183 182 182 181 180 179 178 176 175 176 179 183 185 185 186 186 186 186 186 186 186 187 187 185 209 208 208 208 208 207 207 206 206 205 205 205 204 204 204 206 206 207 208 209 209 209 209 209 209 208 207 207 207 207 207 207 207 207 208 208 208 208 208 208 209 209 209 208 208 209 209 208 207 207 207 207 207 207 206 207 206 206 206 206 207 206 206
182 183 183 183 183 183 182 182 182 180 179 179 178 176 175 175 177 180 183 185 185 186 185 185 185 186 185 186 187 209 209 209 209 208 209 208 207 206 206 205 205 205 205 205 205 206 207 207 208 209 209 209 209 209 208 208 207 206 206 207 207 208 208 208 208 208 208 208 209 209 209 210 209 208 209 210 209 208 208 208 207 208 208 208 208 208 207 207 207 207 208 208 208
182 182 183 183 183 183 182 182 181 180 179 179 178 177 175 175 176 178 182 184 184 185 185 185 185 185 186 186 187 188 210 211 210 210 209 209 208 208 208 206 206 206 206 206 206 206 207 208 208 209 209 209 209 209 208 208 207 207 207 207 208 208 209 209 209 209 209 209 209 209 209 209 210 210 210 210 209 209 209 209 209 209 208 208 208 207 208 207 208 208 208 209 208
182 182 182 182 182 182 182 181 181 180 179 179 178 177 176 176 175 177 179 182 184 184 185 185 185 185 185 186 187 187 211 211 211 211 211 210 210 209 208 207 206 206 206 206 206 206 207 208 208 209 209 209 209 208 208 208 208 208 208 208 208 208 209 209 209 209 209 209 210 209 210 210 210 210 211 211 210 210 210 209 210 209 208 208 208 208 208 208 209 209 209 209 208
182 182 182 182 182 182 182 181 181 180 179 180 179 177 176 175 175 176 178 180 183 184 184 185 185 185 185 186 187 188 187 188 211 211 211 211 210 210 209 207 207 206 206 206 206 206 206 207 208 209 209 209 209 209 208 208 209 208 208 208 207 208 208 208 209 208 208 209 209 209 209 209 210 211 211 211 211 211 211 210 210 210 209 209 209 209 209 209 209 210 210 210 209
181 182 182 182 182 182 181 181 181 180 179 180 179 178 177 176 175 176 177 179 181 183 184 184 185 185 185 186 187 188 188 188 211 212 211 211 210 209 209 208 207 206 206 206 206 206 207 207 208 208 209 209 209 209 208 208 208 208 208 208 208 208 208 208 208 208 208 208 209 209 209 209 210 210 211 211 211 211 211 210 210 210 209 210 209 209 210 210 210 210 211 210 210
181 181 181 182 181 182 182 181 181 180 180 180 179 178 177 176 176 176 177 178 179 181 184 184 185 185 186 187 188 189 189 189 211 211 212 212 211 210 209 209 208 206 206 206 207 207 207 207 208 208 209 209 209 208 209 209 209 209 208 208 208 208 208 208 208 208 208 208 209 209 209 209 209 210 211 211 211 210 210 210 210 210 209 210 209 209 210 210 210 211 211 211 210
181 181 181 181 181 182 182 181 181 180 179 180 180 179 178 177 177 176 177 177 179 180 182 184 185 186 187 187 188 189 190 190 190 190 212 212 212 211 210 209 208 208 208 207 207 207 208 207 208 208 208 208 209 208 209 208 209 209 209 208 208 208 208 208 209 208 209 209 210 209 209 209 209 210 210 211 211 211 210 210 210 210 209 209 209 209 210 210 209 209 210 210 210
181 180 180 181 181 181 181 181 181 180 180 180 179 179 178 177 176 176 177 178 178 180 181 183 185 186 188 188 189 190 190 191 191 191 191 213 213 212 211 210 209 208 208 208 207 208 207 208 208 208 208 209 209 208 209 209 209 209 209 208 208 208 208 208 209 209 209 209 209 209 209 209 210 210 210 210 210 210 210 210 210 210 209 209 209 210 210 210 209 209 209 209 209
181 180 180 181 181 181 182 182 181 180 180 180 179 180 179 177 177 177 177 178 178 180 181 182 183 185 187 189 189 190 190 191 191 191 192 192 213 213 211 211 209 209 209 208 208 208 208 208 209 208 208 209 209 209 209 209 209 209 208 208 208 208 208 208 208 209 208 208 209 209 209 210 210 210 210 210 211 211 210 210 210 209 209 209 209 209 209 209 209 209 209 209 208
181 181 181 181 181 182 182 181 181 180 180 180 180 179 179 178 178 178 177 178 179 179 181 182 182 184 186 188 189 190 191 191 192 192 192 192 191 213 212 211 210 210 209 209 208 208 208 208 208 208 209 210 209 209 209 209 209 209 209 208 208 208 208 208 207 208 209 209 209 208 208 209 210 210 211 210 210 210 209 209 210 210 210 209 209 209 209 209 209 209 209 209 208
181 181 181 181 181 182 182 181 181 181 181 180 180 180 180 179 178 177 177 178 179 179 181 182 182 183 184 187 189 190 191 191 192 192 192 192 192 191 191 212 211 210 210 209 209 208 208 209 209 209 209 209 209 209 209 209 209 209 209 208 208 208 207 208 208 208 208 208 209 209 208 209 209 210 210 210 210 209 209 209 209 209 209 209 209 208 209 209 209 209 209 208 208
181 181 181 182 182 182 182 181 181 182 181 181 181 180 180 180 178 178 178 178 179 180 181 182 183 183 184 185 188 190 191 191 192 193 192 192 192 191 191 190 212 211 210 210 209 209 209 210 210 210 209 210 210 209 209 209 209 209 209 209 209 208 208 208 208 208 208 208 208 209 208 209 209 210 210 210 209 209 209 209 209 209 209 209 209 209 209 209 208 208 208 208 207
182 182 182 182 182 182 182 182 182 182 181 181 181 181 181 181 179 179 179 178 179 180 182 182 183 184 184 185 186 189 190 191 192 192 192 192 192 192 191 191 190 211 211 211 210 210 209 210 210 210 211 210 210 210 210 210 209 209 209 209 209 209 208 207 208 208 208 208 208 208 209 209 209 210 210 210 209 209 209 209 209 209 209 208 209 209 209 208 208 208 207 207 206
182 182 182 183 182 182 182 182 182 182 181 181 181 181 182 181 180 180 180 179 179 180 181 183 183 183 184 185 185 187 189 191 192 192 192 193 193 192 191 191 190 190 212 211 211 210 211 210 210 210 210 212 211 210 210 210 210 210 209 209 209 209 209 208 208 208 207 208 207 208 208 209 209 209 209 209 209 209 209 209 209 208 208 208 209 209 209 208 208 207 207 206 206
182 183 183 183 183 183 182 183 183 183 183 182 181 181 182 182 181 181 180 180 180 180 181 182 183 183 183 184 185 186 188 190 192 192 193 192 192 192 192 191 191 191 190 190 190 211 211 211 211 210 211 211 211 211 211 210 210 211 210 209 209 210 209 208 208 207 207 207 208 208 208 208 209 209 209 209 209 209 209 209 209 208 208 208 209 209 208 208 207 207 207 206 206
183 183 183 183 183 183 183 183 184 183 183 182 182 182 182 182 182 182 181 182 181 181 181 181 182 183 183 183 184 185 186 188 190 191 192 192 192 192 192 191 191 191 191 190 191 190 212 211 211 211 211 211 211 210 211 212 212 211 210 210 210 209 210 209 208 208 208 207 208 209 208 208 209 209 209 209 209 209 209 209 209 209 208 208 208 208 208 208 207 207 206 206 206
184 184 183 183 183 183 183 183 184 184 184 183 183 182 183 183 183 182 182 181 180 181 180 180 181 182 183 183 183 185 185 186 188 189 191 192 192 192 192 192 191 191 191 191 191 190 190 191 212 211 211 211 211 211 211 211 211 211 211 211 211 210 210 210 209 208 208 208 209 208 208 208 209 209 208 208 209 209 209 209 209 209 209 208 207 208 208 208 207 207 207 206 207
185 184 184 184 183 183 183 184 185 184 184 184 183 183 183 183 183 183 182 182 181 181 180 180 180 181 182 182 183 184 185 185 186 187 189 190 191 192 192 191 191 191 191 191 191 191 190 191 191 191 212 211 211 211 211 211 211 211 211 212 213 212 211 211 210 210 209 209 208 208 208 209 208 208 208 208 208 209 208 209 209 209 208 208 207 207 208 208 207 207 207 207 206
185 185 185 185 184 184 184 184 185 185 184 185 184 184 183 183 183 183 183 183 182 182 181 180 180 180 181 182 182 183 184 185 186 187 188 189 190 191 192 191 191 191 192 191 191 191 191 191 190 191 191 190 211 211 211 211 211 211 211 212 212 212 212 212 211 210 210 209 209 209 209 208 208 208 208 208 208 208 208 208 208 208 208 209 208 207 208 208 207 207 209 206 206
186 186 186 186 185 184 184 185 185 185 184 184 184 183 183 183 183 182 182 183 182 182 182 180 180 180 181 182 182 183 183 184 185 186 187 187 188 189 190 191 191 191 192 191 191 191 191 191 191 191 191 191 191 191 191 211 212 212 212 212 211 211 212 212 211 211 211 210 209 209 210 209 208 208 208 208 208 207 208 208 208 208 208 208 208 208 207 207 208 207 209 206 206
187 187 187 187 186 185 185 185 184 184 185 185 184 183 183 183 183 182 183 182 182 182 182 181 181 180 180 181 182 183 183 183 184 185 185 186 187 188 189 189 190 191 192 192 192 191 191 191 191 191 192 191 191 191 191 191 212 212 211 211 211 211 211 211 210 210 211 211 211 210 210 210 209 208 208 208 208 207 208 208 208 208 208 209 208 208 208 207 207 209 209 207 206
188 188 189 188 188 187 186 186 185 185 185 185 184 183 183 184 184 183 183 182 182 181 181 181 181 180 180 181 181 182 183 183 184 184 185 186 187 187 187 188 189 190 191 191 191 191 191 191 191 191 191 191 191 191 191 191 191 191 211 211 211 211 211 211 211 211 210 210 210 211 211 210 209 210 208 208 208 208 208 208 208 208 208 208 209 208 208 208 207 209 208 207 206
189 189 189 189 189 188 187 187 187 186 185 184 183 182 183 183 183 183 183 182 181 181 181 181 181 181 181 182 181 181 182 183 183 184 184 186 186 186 187 187 188 188 189 190 191 191 191 191 191 191 191 191 191 191 191 191 191 191 191 211 211 211 211 211 210 210 210 210 210 210 209 211 211 210 210 208 208 208 208 208 208 208 208 208 209 208 208 208 208 210 208 207 205
190 190 189 190 189 188 188 187 187 186 185 184 183 183 183 183 183 183 183 182 181 181 181 182 182 182 181 181 180 180 181 182 183 183 184 185 186 186 187 187 187 188 188 188 189 190 191 192 191 192 192 191 191 191 191 191 191 191 190 211 211 211 211 211 210 210 210 210 211 210 210 209 209 209 210 210 210 208 208 208 208 208 208 208 209 208 208 209 209 211 207 207 206
191 190 190 190 190 189 188 187 187 186 186 185 184 184 183 183 183 183 183 182 181 181 182 182 182 182 182 181 181 180 180 181 183 184 184 184 185 185 186 186 187 188 187 188 188 189 190 190 191 192 192 191 191 191 191 191 191 191 191 191 191 211 211 211 211 210 210 210 211 211 211 210 210 210 209 209 209 210 209 209 209 208 208 209 209 209 208 208 210 210 207 207 206
