Data/environmental_layers/bio_2.asc
NCOLS 1388 
NROWS 588 
XLLCORNER -124.791663787 
YLLCORNER 24.9166710953946 
CELLSIZE 0.0416666688394528 
NODATA_value -9999 
[rows 240 to 279 of 588, columns 455 to 545 of 1388]
159 159 149 140 134 136 150 166 173 176 182 185 186 187 184 184 180 179 178 175 173 171 172 171 170 168 167 166 165 164 163 163 163 162 163 163 165 165 164 164 165 166 166 167 168 167 167 166 166 165 164 164 164 165 165 165 165 166 167 166 167 167 167 168 168 168 169 169 168 168 168 167 167 167 167 166 166 166 164 164 163 162 162 161 160 160 160 160 159 159 159
163 162 157 159 150 135 134 142 157 170 175 180 187 184 184 184 184 179 177 178 174 174 174 172 171 169 168 166 165 164 163 163 163 162 163 163 165 165 164 164 165 166 166 167 167 167 167 166 165 165 165 165 165 164 164 165 165 166 166 167 167 167 168 168 169 169 169 169 169 169 169 169 168 167 167 166 166 166 164 164 163 163 161 160 159 159 159 159 159 159 159
164 164 163 163 154 140 144 143 148 146 164 174 166 175 188 187 181 173 174 178 176 176 174 172 171 170 168 166 165 164 164 163 163 162 163 163 165 165 165 165 165 166 166 167 167 166 166 167 166 166 166 166 166 165 164 165 165 166 166 167 167 168 168 169 169 169 169 169 170 169 169 168 168 167 167 166 166 165 164 164 163 162 161 160 159 158 159 159 159 160 159
165 164 163 166 164 155 140 146 146 146 147 156 174 183 190 185 177 166 170 177 177 176 174 172 171 169 168 166 165 164 163 163 163 162 163 164 164 164 164 165 166 166 167 167 166 166 166 167 167 167 167 167 167 166 166 166 166 166 167 167 168 168 169 169 169 170 170 170 170 169 169 168 168 168 167 167 166 165 164 164 163 162 161 160 159 159 159 159 159 159 159
165 161 162 166 168 167 154 142 136 153 158 172 186 194 190 189 180 169 164 169 176 176 174 172 170 169 167 166 165 164 163 163 162 162 163 164 164 164 165 165 165 166 166 166 166 166 167 166 166 166 166 167 167 167 168 168 168 168 167 167 168 168 169 169 170 170 170 170 170 169 169 169 168 168 167 167 166 165 165 164 163 162 162 161 160 159 159 159 159 159 159
167 163 166 167 165 159 157 164 159 145 163 180 185 191 179 178 182 174 166 161 167 174 174 172 170 168 167 166 165 164 163 162 162 163 164 164 164 165 165 165 165 166 166 167 167 167 167 166 166 166 166 166 167 169 169 169 169 170 169 169 169 169 170 170 170 170 170 170 170 169 169 169 168 168 168 167 166 166 165 164 163 162 162 161 160 160 159 159 159 160 160
169 166 167 167 164 154 152 162 169 158 157 177 187 183 176 175 177 177 168 160 164 169 173 171 169 168 166 165 164 164 162 162 162 163 163 163 164 164 165 165 166 167 167 167 167 167 166 166 166 166 167 167 167 169 170 170 171 171 171 171 170 170 170 170 170 170 170 170 170 170 169 169 169 168 168 167 167 166 165 164 163 163 162 161 161 161 160 160 160 160 160
173 169 169 170 167 157 154 165 169 171 163 179 178 169 172 172 173 176 166 158 162 168 172 170 168 167 165 164 163 162 162 161 162 162 162 163 164 164 165 166 166 165 166 166 166 166 167 167 167 167 168 168 168 169 169 170 171 172 172 172 171 170 169 169 170 170 170 170 170 170 170 170 169 168 168 167 167 166 165 165 164 163 163 162 162 161 161 161 161 161 161
175 174 171 173 172 169 165 155 166 171 173 173 170 164 167 168 168 172 168 159 159 164 171 170 168 166 164 164 163 162 162 161 161 161 162 163 164 164 164 165 165 165 166 166 167 167 168 168 168 168 169 169 169 170 170 170 171 172 173 173 172 171 170 169 169 170 170 170 170 170 170 169 169 169 168 168 168 167 166 165 165 164 163 163 162 161 162 161 161 161 161
176 176 175 174 173 172 169 161 166 170 173 175 168 163 164 165 163 165 168 159 158 160 170 169 167 166 165 163 163 162 162 161 162 162 162 163 163 163 163 164 165 166 167 168 168 168 169 169 169 170 170 170 171 171 171 171 172 173 174 174 173 173 172 172 171 171 171 171 171 171 171 170 170 169 169 168 168 167 166 165 165 164 163 162 162 162 162 162 162 162 162
175 175 174 174 173 172 172 165 162 169 171 175 169 167 163 162 162 163 165 162 158 160 167 167 165 165 164 163 162 162 161 161 161 162 163 163 162 162 164 165 167 168 168 169 169 170 170 170 170 170 171 171 172 172 172 173 173 174 174 174 175 174 174 174 173 173 173 173 173 173 172 172 172 171 170 169 169 167 166 165 165 164 163 163 163 163 163 163 163 163 163
176 172 172 172 172 171 171 170 166 168 170 170 172 170 164 162 160 158 159 165 161 158 166 166 164 163 163 162 161 161 161 161 161 162 163 164 164 164 164 165 167 169 170 170 171 171 171 171 171 172 172 172 173 173 174 174 174 174 175 175 175 176 175 175 174 174 174 174 174 174 173 173 173 173 172 171 170 168 167 166 165 165 164 163 163 163 163 163 164 164 164
174 169 170 169 170 168 168 168 168 166 167 166 167 168 162 158 156 150 148 157 166 166 167 164 162 161 161 160 160 160 160 160 161 162 164 165 165 166 166 166 168 170 171 171 171 172 172 172 172 173 173 174 174 174 175 175 175 175 176 176 176 176 176 176 176 175 175 175 175 175 175 174 175 174 174 172 171 170 168 167 166 165 165 164 164 164 164 164 164 165 165
172 169 168 167 167 157 156 159 163 163 164 168 167 168 166 162 155 137 126 141 157 165 166 163 161 159 158 158 158 159 159 160 161 163 164 165 166 167 167 168 169 171 172 172 172 173 173 173 173 173 174 174 174 175 175 176 176 176 176 177 176 176 176 177 177 177 176 176 176 176 176 175 175 175 175 174 172 171 169 167 167 166 165 165 165 165 165 165 165 165 165
170 168 165 161 162 164 158 161 164 164 167 168 170 171 165 159 154 141 131 136 147 154 166 162 161 159 157 156 158 159 159 160 162 163 165 166 166 167 168 169 170 171 172 173 173 174 174 175 175 176 175 175 175 175 176 177 177 177 177 178 177 177 175 176 176 177 177 177 177 177 177 177 176 177 176 175 173 171 169 167 167 166 166 165 165 165 165 165 166 166 166
167 164 161 159 159 167 169 165 166 165 169 171 172 172 163 157 151 149 145 140 139 152 165 163 161 161 159 158 160 160 160 161 163 164 166 167 167 167 168 170 171 172 173 173 174 175 175 176 176 177 177 177 176 176 176 176 177 177 177 178 178 178 177 176 176 177 177 177 177 178 177 178 177 177 177 176 174 172 169 168 168 167 166 166 165 165 166 166 166 166 166
168 162 156 156 165 166 168 170 164 162 168 170 172 173 166 160 152 152 155 153 149 154 161 162 161 162 162 161 162 162 161 162 164 165 167 167 167 168 168 170 171 172 173 174 175 175 177 177 177 177 178 178 177 176 177 177 177 177 177 178 178 178 178 178 177 177 177 178 177 178 178 178 178 178 177 176 175 173 171 169 168 167 167 167 166 166 166 166 166 167 166
171 167 163 164 167 166 166 172 169 165 168 172 174 175 172 164 158 154 158 155 155 156 164 163 162 162 163 164 163 164 163 164 165 167 168 169 169 169 169 170 171 173 174 174 175 176 177 177 178 179 179 180 178 177 177 179 179 178 177 177 178 178 178 179 178 178 178 178 178 178 178 178 178 178 178 177 175 174 172 171 169 168 168 167 167 167 167 167 167 167 167
171 170 166 166 168 168 170 172 175 172 171 172 170 173 175 170 161 160 161 159 159 164 165 164 162 164 164 165 165 166 165 166 167 168 169 170 170 170 171 171 172 173 175 175 176 177 178 179 179 180 180 181 180 179 178 179 180 180 178 177 177 177 177 178 178 178 178 178 178 178 178 178 178 178 177 177 176 175 174 172 171 169 168 168 168 168 168 168 168 168 168
170 163 154 153 153 163 172 173 174 177 173 173 172 174 175 173 165 166 167 168 167 166 165 164 163 164 165 166 167 167 167 168 169 170 170 171 171 172 172 172 174 174 175 176 177 178 178 180 180 181 182 183 181 180 179 179 180 181 180 179 178 178 178 178 177 177 177 178 177 177 177 177 178 178 177 177 176 176 175 174 172 171 169 169 169 168 168 168 169 168 169
164 158 161 166 160 164 170 172 174 179 178 177 176 175 174 172 167 170 170 169 168 166 166 165 164 165 166 167 168 168 168 170 170 171 172 172 173 173 173 173 174 175 176 177 178 179 180 180 182 182 183 183 182 182 180 180 181 181 181 180 179 178 178 178 178 178 177 177 177 177 177 176 177 177 177 176 176 176 175 174 173 173 171 170 169 169 169 169 169 169 169
172 166 166 169 167 167 169 172 174 177 178 177 176 175 174 173 172 171 170 169 168 167 167 166 165 166 168 168 169 170 170 171 172 173 173 174 174 174 174 174 175 176 177 178 179 180 181 182 183 183 184 184 182 182 182 181 181 181 181 181 180 178 178 178 178 178 178 178 178 177 177 177 176 176 176 176 176 176 175 175 175 174 173 171 170 170 170 169 170 170 169
176 169 168 173 173 172 176 175 178 178 177 177 176 175 173 173 172 171 171 170 169 168 167 166 167 166 167 169 170 171 171 171 173 174 174 175 175 175 175 175 176 177 178 178 180 181 182 183 184 184 184 184 183 182 182 181 182 182 181 181 180 179 178 178 178 178 178 178 178 177 177 177 176 176 176 176 176 176 176 175 175 174 173 172 171 171 170 170 170 170 170
179 175 170 176 178 179 179 179 178 177 177 177 176 175 174 173 173 172 172 171 171 170 170 169 168 168 169 170 171 172 172 172 174 175 176 176 176 176 176 177 177 178 179 179 180 181 182 183 184 184 184 184 183 182 182 182 181 182 181 181 181 180 180 179 178 177 178 178 177 178 178 177 177 177 176 176 176 176 177 176 176 175 173 172 171 171 171 171 171 171 171
178 179 175 179 180 180 179 177 176 177 176 176 176 175 174 173 173 173 173 173 172 172 171 171 170 170 171 172 173 174 172 172 175 176 176 177 177 177 177 178 178 179 180 180 181 181 182 183 184 184 184 184 183 183 181 181 181 181 181 181 181 180 180 180 179 178 178 178 177 178 178 178 178 178 178 177 176 176 177 177 176 175 174 173 172 171 171 171 171 171 171
173 179 179 179 180 179 178 177 177 177 176 176 170 173 174 173 173 173 173 172 173 173 172 172 172 172 173 173 174 175 173 174 175 177 178 178 178 179 179 179 179 180 180 181 181 182 183 183 184 184 184 184 183 182 181 181 181 181 181 181 181 180 180 180 180 179 177 178 177 177 178 178 179 179 178 178 177 176 177 178 176 176 175 174 172 172 171 171 172 172 171
168 171 175 177 178 179 178 177 177 178 177 176 171 169 173 174 173 173 172 172 173 173 173 174 174 173 173 174 175 176 176 177 177 178 179 179 179 180 180 180 180 181 181 181 182 183 184 184 184 184 184 184 183 182 181 181 181 181 180 180 181 180 180 180 179 179 178 178 177 177 178 179 179 179 179 178 178 178 178 178 177 177 176 175 174 172 172 172 172 172 172
150 158 155 168 176 178 176 177 178 178 176 176 173 169 165 172 173 172 172 173 173 173 173 174 174 175 175 176 176 177 178 178 179 180 180 180 181 181 182 181 182 181 182 182 182 184 184 184 184 184 184 183 183 182 182 181 180 181 180 180 181 181 181 180 179 179 179 178 177 177 178 179 179 179 179 179 179 179 178 179 178 178 177 176 175 174 173 173 173 173 173
156 141 138 152 169 176 178 177 178 177 177 174 171 170 162 161 169 172 172 172 173 172 172 173 174 175 174 175 176 177 177 179 179 179 180 181 181 182 183 183 183 183 182 183 183 184 185 185 184 185 184 184 183 182 181 180 180 180 180 180 181 181 180 179 179 179 179 179 178 177 178 178 179 180 180 179 180 179 179 179 179 178 177 176 176 175 175 174 174 174 172
166 154 141 138 156 170 176 178 178 177 176 171 166 165 163 159 167 172 171 171 171 172 172 173 173 174 174 174 176 177 178 178 178 179 179 180 181 182 182 183 184 184 183 183 183 184 185 185 185 185 184 184 182 182 181 180 180 180 180 180 181 180 180 180 180 180 180 179 179 178 179 179 179 180 181 180 180 181 180 180 180 178 177 177 177 176 175 175 175 174 173
171 159 147 137 141 162 173 178 179 176 173 168 164 162 162 163 159 166 169 170 170 171 172 172 173 173 174 175 176 176 177 177 178 179 180 181 181 181 182 183 184 184 185 185 185 185 186 185 185 185 184 183 182 181 180 180 179 180 179 180 181 181 181 181 181 181 180 179 180 180 180 180 180 180 181 181 181 182 181 181 180 179 179 178 177 177 176 175 175 175 174
173 166 149 139 136 153 169 176 178 175 171 165 162 156 153 157 158 160 166 170 170 171 172 172 172 173 174 175 176 175 176 177 178 179 180 180 181 181 183 183 184 184 185 185 185 185 186 186 186 186 184 183 182 181 179 179 178 179 180 180 181 181 182 182 182 182 181 181 180 180 181 181 181 182 182 183 183 183 182 182 181 180 180 179 178 178 177 176 176 175 175
174 173 156 147 138 140 157 169 175 175 172 168 165 160 151 150 154 160 164 170 171 171 171 172 173 174 173 174 175 174 175 176 177 179 180 180 181 182 183 183 184 184 185 185 185 184 185 185 185 185 185 184 183 181 179 177 178 179 180 180 181 182 182 182 182 181 181 181 181 180 181 181 181 181 182 182 182 182 182 180 180 179 179 179 178 178 177 177 176 176 176
175 175 174 164 148 134 143 158 169 173 172 169 165 161 154 148 146 147 159 166 169 171 171 172 172 173 174 173 174 173 174 175 178 178 179 179 181 181 182 183 183 184 184 185 185 184 185 185 185 184 184 184 183 181 179 178 179 179 179 179 179 181 182 182 181 180 181 180 180 180 180 180 180 180 181 180 181 181 181 180 179 179 179 178 177 177 177 177 176 176 176
176 176 175 172 158 134 135 146 163 169 169 169 166 162 159 156 147 148 158 165 168 169 171 171 172 173 172 172 173 173 174 175 176 177 178 179 180 181 182 183 183 184 185 185 184 185 185 185 184 185 185 184 183 181 180 179 179 178 178 179 180 181 181 180 180 181 180 179 180 179 180 180 179 180 180 180 180 180 179 178 178 178 178 178 177 177 176 176 176 175 176
176 176 176 175 167 147 137 141 155 164 167 167 166 162 163 160 153 145 144 155 167 170 170 171 171 172 172 171 172 173 173 174 174 176 177 177 179 181 182 183 183 184 184 185 184 185 185 184 185 185 184 183 182 181 180 179 178 177 178 179 180 180 180 179 180 180 179 179 179 179 179 179 178 179 178 179 179 179 179 178 178 178 177 177 177 176 176 176 176 175 175
177 177 176 176 173 161 141 146 147 159 165 168 166 164 167 169 165 157 148 142 158 169 170 171 171 170 171 172 173 173 173 174 174 175 175 177 179 180 181 182 183 184 184 185 184 184 185 185 185 184 184 183 182 181 180 179 178 177 178 179 180 179 179 179 180 179 179 179 178 178 179 178 178 177 177 178 178 178 177 177 178 177 176 176 176 176 176 175 175 175 175
178 178 177 176 174 170 161 150 141 157 165 170 170 167 170 171 171 169 163 151 160 169 171 171 171 171 172 172 172 171 172 171 172 174 173 175 178 180 180 182 183 184 184 184 184 185 185 185 184 184 183 182 181 180 180 178 178 179 179 179 179 179 179 179 179 178 178 178 177 178 178 178 177 176 176 177 177 177 176 176 176 175 175 175 175 175 175 175 174 174 175
179 179 178 176 175 173 167 163 158 157 163 168 172 173 173 173 173 172 170 162 163 170 171 171 171 172 172 170 170 171 171 170 170 171 172 173 176 178 179 180 182 184 184 184 185 185 185 185 184 184 182 182 181 180 179 179 179 179 179 179 178 178 178 179 178 177 177 178 177 177 177 177 176 175 176 176 176 176 175 175 174 174 175 175 175 174 174 175 174 174 174
180 179 179 177 176 174 168 167 159 155 163 167 170 173 173 174 174 173 172 169 170 171 171 171 171 171 171 171 170 171 171 171 170 170 171 172 174 177 179 181 182 183 183 184 184 184 184 184 183 182 182 181 180 179 179 180 179 179 179 178 177 177 178 178 177 177 176 177 176 176 176 176 175 174 175 175 176 175 173 173 173 174 174 174 174 174 174 174 173 173 174
