Data/environmental_layers/bio_5.asc
NCOLS 1388 
NROWS 588 
XLLCORNER -124.791663787 
YLLCORNER 24.9166710953946 
CELLSIZE 0.0416666688394528 
NODATA_value -9999 
[rows 40 to 79 of 588, columns 364 to 454 of 1388]
308 301 300 301 299 303 299 294 290 290 291 293 295 295 296 300 307 307 306 306 301 299 300 300 300 301 298 297 298 299 299 299 300 301 303 305 304 304 304 304 304 304 305 308 309 305 305 304 303 301 297 296 302 304 307 304 297 297 299 302 303 304 304 305 308 309 308 308 309 308 306 303 307 307 305 303 305 306 307 307 307 307 306 304 303 302 301 301 303 304 306
297 300 298 294 293 293 292 292 292 291 291 292 295 297 298 298 299 301 302 308 308 303 303 303 303 304 304 302 300 302 301 302 304 304 302 307 305 302 303 305 306 307 309 310 310 308 307 306 306 305 298 302 309 308 309 308 306 304 305 307 308 306 307 307 308 310 308 304 307 308 306 304 306 307 304 302 304 305 307 308 309 308 306 303 302 301 300 302 303 305 305
295 293 292 291 292 294 294 293 292 291 292 291 294 297 298 301 304 305 307 308 310 310 309 309 307 308 307 308 303 304 306 304 304 307 305 305 309 308 306 306 306 306 310 310 307 309 311 313 312 309 307 304 311 304 305 304 304 308 307 306 306 307 310 309 307 308 311 306 306 306 306 305 305 303 302 304 305 307 307 308 308 309 307 306 303 302 302 300 301 305 303
301 293 289 289 290 292 292 292 293 292 291 292 294 297 298 300 301 302 304 306 308 309 309 308 310 311 313 312 313 310 307 311 309 310 311 310 313 313 312 311 310 310 311 309 306 309 308 308 306 301 300 306 312 301 299 298 299 301 302 304 306 308 308 305 306 310 308 306 304 305 303 303 303 303 304 304 305 306 307 308 309 309 307 307 306 305 304 303 303 302 302
298 296 291 287 289 290 291 291 291 292 292 294 297 299 301 303 306 306 306 308 303 303 305 306 306 306 305 304 306 310 312 311 308 308 310 309 307 306 308 310 313 311 312 312 312 311 306 302 304 301 296 298 303 304 297 299 300 302 303 303 303 304 305 307 307 307 306 304 302 304 305 306 305 304 305 306 307 305 306 309 309 310 308 306 305 304 304 304 303 303 300
298 295 291 288 287 287 289 290 291 291 291 294 298 301 302 304 305 302 302 305 302 302 303 303 302 303 303 304 305 306 305 305 305 305 306 306 307 305 306 309 312 314 314 308 307 307 305 302 300 299 296 297 300 303 299 298 300 302 301 301 302 302 303 303 304 304 305 302 303 304 305 306 307 308 307 307 308 308 309 309 310 308 306 307 306 304 302 301 302 301 301
294 293 288 290 287 286 289 288 286 287 289 293 298 300 301 301 301 301 301 302 301 303 304 305 304 305 305 305 305 306 306 307 308 309 310 309 311 312 312 310 311 315 315 312 311 308 306 304 304 303 302 297 297 298 301 299 300 300 300 300 301 300 300 301 302 303 303 304 305 304 304 305 305 306 307 309 309 309 309 311 308 309 306 304 306 305 304 303 301 301 303
293 292 285 287 286 284 285 287 285 285 288 294 297 297 299 300 300 300 301 303 303 304 305 305 305 306 306 307 307 308 308 308 307 307 306 308 309 309 310 312 316 315 310 309 308 312 309 309 307 304 302 299 297 298 299 301 303 303 304 302 303 303 303 303 304 305 306 306 307 307 306 307 306 306 306 307 308 309 311 309 306 307 308 305 304 304 306 304 303 301 300
288 286 284 283 282 281 283 285 283 284 289 292 294 293 294 296 296 298 300 301 302 303 303 304 304 304 305 305 305 304 304 303 303 303 305 307 307 307 308 311 316 314 309 307 306 308 308 306 307 305 304 301 298 299 300 303 303 304 306 306 305 305 305 306 305 305 305 306 307 308 309 309 308 308 308 308 308 309 311 309 306 304 307 307 306 304 303 304 302 300 301
286 283 279 278 276 279 282 283 281 285 286 283 284 285 288 291 294 296 297 298 299 301 302 303 303 304 303 302 302 301 302 304 305 306 305 306 308 311 312 315 316 312 308 306 305 304 306 305 304 305 303 300 300 302 303 304 306 306 305 306 307 307 306 307 307 308 308 307 308 308 308 309 311 311 310 310 311 310 311 308 306 305 307 308 307 306 305 304 301 301 302
280 278 267 259 271 277 280 279 279 278 282 281 281 284 286 289 292 295 297 298 300 301 301 300 300 303 302 304 305 305 302 303 303 305 307 308 309 308 309 313 317 313 309 310 307 306 305 305 303 302 302 300 302 303 303 304 305 306 307 308 308 308 308 308 309 309 309 309 310 310 310 310 309 308 307 307 308 309 311 308 306 305 307 308 306 305 304 302 301 303 302
282 279 270 260 269 274 274 274 273 272 274 274 274 271 281 288 292 294 296 299 301 301 302 302 303 302 302 304 304 306 306 307 307 307 307 309 310 312 314 315 316 310 313 311 311 310 309 308 307 306 303 301 303 305 306 306 307 307 308 309 308 306 306 307 307 307 309 310 310 308 309 307 307 307 304 304 305 307 309 310 308 306 306 307 305 305 304 301 301 302 302
282 281 278 274 277 274 272 266 256 252 252 254 261 258 275 281 290 295 297 299 300 301 301 302 303 303 303 301 301 303 305 307 307 307 308 308 310 311 311 314 316 310 309 312 309 308 308 308 307 305 303 301 301 304 304 304 305 305 306 309 306 306 307 308 309 309 308 309 308 307 307 308 306 304 305 306 307 308 308 309 310 308 305 307 305 304 304 301 302 303 303
281 268 260 271 277 275 270 267 261 253 254 270 274 279 285 289 293 295 297 298 298 299 299 301 302 303 303 303 302 302 303 304 303 303 303 305 306 307 309 312 318 314 310 309 310 308 305 304 305 305 305 303 301 302 304 305 305 306 307 308 307 307 308 308 306 307 307 307 307 306 304 306 305 303 305 305 307 307 307 307 308 310 307 306 306 305 304 302 302 303 302
282 274 266 273 275 271 253 253 249 254 268 275 280 283 286 289 292 294 296 298 299 301 301 302 302 302 302 302 304 304 303 302 303 303 304 306 308 310 312 314 318 312 314 312 308 308 309 308 306 305 303 302 302 304 305 306 307 306 306 306 306 308 308 306 306 305 306 305 305 304 304 304 305 305 306 306 306 306 306 306 307 310 308 306 306 303 303 302 302 302 301
279 280 279 278 277 272 268 265 259 255 269 275 280 282 286 289 291 293 295 297 298 298 299 299 300 301 302 303 304 305 305 305 305 305 304 305 307 308 311 314 318 312 310 313 312 310 307 306 305 304 304 303 302 303 305 305 303 303 305 306 307 308 306 304 305 302 300 302 304 305 305 306 307 308 307 307 307 307 308 307 309 309 308 306 305 305 303 301 300 301 300
276 276 274 274 276 275 272 270 266 269 272 279 283 285 286 289 291 293 295 297 297 298 299 298 298 298 299 301 301 302 303 305 306 307 306 307 306 309 311 312 317 315 310 309 311 312 311 308 307 306 306 303 301 303 303 302 302 303 305 308 307 307 303 303 301 300 302 303 305 307 307 308 309 309 309 309 309 309 309 309 309 309 307 306 304 303 303 302 301 299 297
273 273 272 271 271 271 272 270 267 263 266 273 276 280 282 284 287 289 292 295 293 293 295 297 298 299 301 302 302 301 303 303 304 307 309 309 307 308 309 312 316 318 314 312 310 309 310 310 311 309 307 305 302 300 299 301 304 306 305 305 306 307 304 302 304 305 304 305 305 306 307 309 308 306 306 307 309 307 307 308 308 307 308 307 304 303 301 301 301 299 295
270 271 268 266 266 264 266 266 268 266 270 272 275 275 278 282 284 287 286 286 287 290 291 296 298 299 299 301 303 304 303 301 303 305 306 309 311 310 308 310 314 319 317 316 314 312 308 309 309 310 307 304 301 300 299 302 303 303 301 301 303 303 302 304 305 305 307 308 308 309 309 309 308 306 306 307 309 307 305 306 308 307 306 307 306 304 303 301 298 295 294
267 266 264 260 263 259 258 263 265 262 264 266 265 266 267 271 273 279 281 285 288 284 284 293 298 300 301 302 302 302 302 303 304 306 307 308 310 313 314 314 316 317 315 314 311 310 310 307 306 308 309 308 305 304 303 304 303 301 301 300 299 300 302 302 302 304 305 305 306 307 307 308 307 305 307 308 308 307 305 306 307 307 305 305 306 304 302 301 300 298 295
263 257 256 257 253 255 255 255 258 251 255 257 257 257 262 260 263 272 278 283 284 284 286 290 296 301 302 302 303 301 301 302 302 304 303 301 302 306 309 313 316 313 311 311 311 311 310 310 309 309 307 309 308 308 307 307 307 307 306 305 305 304 304 303 304 303 304 304 304 306 306 306 307 305 306 307 305 306 305 305 306 305 306 304 305 306 304 303 301 299 297
253 247 251 246 243 245 243 248 247 247 252 255 258 260 264 273 275 277 277 278 281 287 291 293 296 298 299 300 300 300 298 300 300 300 301 301 304 307 309 311 314 316 315 314 314 313 313 313 311 311 309 309 311 310 311 310 310 309 309 307 307 305 305 306 307 307 307 306 304 304 304 304 306 305 305 306 304 304 304 303 304 304 304 304 303 304 303 302 301 299 299
239 233 233 233 230 229 221 226 238 247 248 252 256 260 262 265 270 277 283 284 285 287 293 294 293 297 298 299 299 298 299 299 298 299 302 305 307 309 311 312 314 316 317 316 315 314 314 313 313 312 312 309 310 313 313 312 310 311 312 310 307 304 302 304 308 309 310 309 306 306 307 305 304 302 304 305 302 303 304 303 304 303 302 302 302 300 301 301 299 300 302
242 225 215 212 206 211 209 212 216 236 245 249 252 259 265 265 268 269 279 284 286 290 292 292 293 295 296 297 296 296 297 299 301 303 305 306 307 308 310 313 314 313 316 315 313 311 313 312 308 309 310 310 310 313 315 313 312 313 315 313 310 309 310 309 308 308 310 311 309 308 309 307 304 305 304 303 303 304 305 306 305 305 304 304 301 301 300 300 299 300 303
256 249 242 236 228 233 230 217 208 223 242 251 260 261 268 276 281 282 284 287 286 287 290 290 292 294 295 297 297 297 297 299 301 304 305 307 308 309 311 312 310 310 314 316 314 311 312 310 308 306 307 309 310 312 315 315 315 316 315 312 311 312 314 312 310 309 310 311 312 311 310 309 305 305 306 307 305 304 304 305 306 307 306 305 303 304 302 302 304 302 301
259 257 253 251 251 249 248 243 238 239 253 260 263 268 275 281 284 287 289 290 291 289 290 293 295 296 295 298 300 299 300 300 300 302 304 305 306 308 312 312 311 311 313 316 315 314 311 311 311 308 306 309 312 313 314 315 314 315 317 315 313 314 315 312 311 311 311 309 311 312 312 311 308 306 306 308 308 307 305 305 305 307 308 307 305 306 304 303 306 308 306
264 262 260 261 259 257 256 257 258 260 264 270 273 276 280 285 286 289 290 291 293 294 292 294 298 301 301 300 301 302 303 304 304 305 307 307 309 310 312 311 309 311 313 316 315 313 312 311 310 309 308 307 310 313 314 316 316 314 317 317 315 316 316 313 311 313 313 311 311 312 312 313 309 306 306 307 308 309 308 308 306 306 307 309 307 307 306 305 305 309 311
270 268 267 267 265 264 264 266 268 270 272 275 278 280 282 283 286 291 292 294 295 296 296 295 295 299 302 303 304 304 304 305 305 305 307 308 309 310 310 311 311 313 314 315 313 311 311 309 308 310 310 310 308 309 313 315 317 316 314 317 318 316 314 313 312 314 314 313 313 314 312 314 310 309 307 306 307 307 309 310 309 308 307 309 310 310 308 307 307 308 311
274 273 271 272 271 270 271 271 273 276 278 279 282 284 285 287 289 292 295 296 296 299 299 299 299 300 300 301 302 303 302 303 303 303 305 307 308 310 312 313 313 313 313 311 311 310 307 307 309 312 311 314 313 314 314 314 315 316 317 316 318 317 316 314 315 313 314 315 314 314 314 314 312 309 307 306 307 308 309 309 311 311 310 309 311 312 311 310 310 310 312
278 278 277 276 277 276 276 277 278 280 282 283 283 287 289 289 291 292 295 299 298 299 300 300 301 304 305 304 304 304 305 307 308 309 309 309 311 310 309 309 310 309 310 309 307 305 304 307 310 311 311 312 315 316 316 314 313 315 317 317 318 318 318 316 317 315 313 314 315 315 315 315 311 308 307 308 309 308 308 309 310 310 312 312 311 311 312 313 312 311 315
280 280 280 280 281 280 280 281 282 284 285 285 286 286 291 293 294 295 296 299 301 301 300 301 304 307 309 310 310 310 309 309 308 308 306 306 308 308 305 306 307 307 306 308 308 309 309 306 307 312 314 313 314 317 318 317 315 316 316 315 315 314 315 318 318 316 315 313 315 316 316 316 312 309 310 309 311 311 308 307 308 309 311 312 313 313 313 313 315 314 316
278 278 280 282 284 283 283 281 284 285 287 288 290 291 291 295 297 298 299 302 303 304 305 307 308 310 309 309 307 307 305 303 305 306 303 304 305 305 307 306 305 304 307 309 311 312 311 311 309 310 314 316 315 315 318 319 318 318 317 318 316 317 315 314 319 318 316 313 313 314 316 318 315 312 313 311 311 313 311 309 309 311 312 311 312 313 313 315 315 315 315
283 281 279 280 284 285 286 287 287 289 288 287 289 293 295 296 298 300 301 302 303 305 306 307 309 306 305 301 303 302 301 298 302 304 302 301 301 303 304 307 304 304 306 309 310 312 314 315 312 311 313 316 316 316 317 318 318 319 318 318 318 318 318 316 318 318 315 312 313 314 315 316 318 315 316 312 312 314 315 312 312 313 316 315 316 317 315 315 315 318 319
284 287 286 283 284 285 286 288 291 292 292 293 295 296 297 298 298 299 299 301 303 304 307 308 305 301 301 302 297 297 297 297 300 299 297 296 298 302 304 305 305 306 307 306 306 309 312 314 316 315 315 315 318 315 317 318 318 318 320 319 320 320 317 315 317 319 317 315 315 315 315 316 319 317 317 313 313 316 317 314 314 315 316 318 319 319 319 319 319 318 317
283 286 288 288 287 288 288 290 291 292 294 295 297 298 299 301 302 303 303 304 306 306 305 303 304 300 297 299 294 290 289 296 295 290 293 296 298 302 305 307 308 309 308 310 309 308 311 313 316 317 318 318 318 318 319 319 320 321 322 322 322 321 320 319 318 318 320 319 318 315 315 317 320 320 319 318 318 319 319 318 316 317 319 320 318 315 316 315 316 315 315
285 286 285 283 286 288 289 291 293 291 290 291 295 297 300 301 303 303 304 305 303 304 299 300 299 296 295 295 295 292 286 289 291 294 297 297 298 300 303 306 307 310 313 312 312 313 310 310 313 314 316 317 320 321 322 322 321 320 320 320 319 318 318 318 320 321 321 321 321 320 319 319 317 317 318 320 319 318 317 319 320 320 319 315 313 313 314 315 314 313 313
285 286 287 287 287 287 288 288 290 291 293 296 296 296 298 299 301 303 303 300 300 301 299 296 295 292 292 296 297 294 287 293 296 300 301 303 304 303 303 302 306 309 311 313 315 316 315 312 313 315 317 318 322 319 317 314 315 315 315 318 315 313 314 314 317 316 316 319 315 316 315 315 313 313 316 318 315 314 315 316 315 314 314 315 309 311 312 312 314 313 313
285 284 285 282 281 285 284 287 292 293 291 291 292 294 297 300 300 301 300 296 294 296 297 294 293 294 296 301 301 299 297 298 299 301 303 305 305 307 306 306 306 308 311 314 314 316 317 316 313 316 317 319 321 317 313 309 312 308 313 316 316 310 310 313 315 311 314 318 312 313 312 309 311 311 316 319 312 310 313 315 314 309 310 312 311 309 310 311 313 313 315
279 284 282 279 280 284 290 293 294 287 286 288 292 294 296 297 295 298 298 297 295 295 297 297 296 297 302 303 305 304 300 302 303 303 302 305 308 308 310 309 310 310 313 314 314 317 319 320 319 321 322 322 321 316 312 307 306 306 310 313 316 311 307 308 311 310 314 317 315 309 308 308 311 313 315 318 315 311 311 313 313 311 309 309 310 309 310 310 311 313 316
274 282 281 282 285 288 286 286 287 283 286 289 290 292 294 293 295 297 299 300 298 295 295 297 297 297 301 302 305 306 304 303 305 306 307 306 308 311 311 313 314 314 314 316 318 319 321 321 320 318 320 322 319 318 313 308 305 308 311 314 315 311 304 304 307 306 309 313 316 313 310 307 307 311 314 316 318 314 311 310 312 312 310 309 309 310 313 314 316 318 318
