Data/environmental_layers/bio_12.asc
NCOLS 1388 
NROWS 588 
XLLCORNER -124.791663787 
YLLCORNER 24.9166710953946 
CELLSIZE 0.0416666688394528 
NODATA_value -9999 
[rows 312 to 350 of 588, columns 352 to 439 of 1388]
302 303 314 327 337 305 286 250 232 226 223 214 207 212 220 235 244 256 265 269 272 281 324 457 471 441 343 329 280 251 237 231 220 215 213 211 202 205 211 210 212 216 225 234 248 249 254 251 247 255 256 255 263 267 277 275 271 265 280 294 276 296 304 287 295 300 315 346 369 366 372 391 393 390 408 431 427 434 389 387 405 446 407 466 448 454 411 375
306 286 299 313 329 351 372 278 231 227 226 216 208 211 224 238 253 263 276 283 288 302 356 496 442 489 443 357 306 262 248 233 219 215 211 209 203 199 201 203 213 216 222 229 236 240 246 242 244 249 255 266 272 274 271 271 263 270 295 307 297 300 290 282 286 297 304 323 326 347 367 369 365 379 396 426 429 422 373 441 477 463 356 389 455 462 346 384
290 320 330 338 335 337 339 301 238 235 226 213 210 215 229 241 260 274 288 296 306 311 339 373 437 514 497 476 347 271 244 229 220 214 207 205 205 201 201 203 208 214 219 223 225 227 225 227 234 241 246 251 257 268 276 272 265 268 278 297 314 290 283 281 275 279 290 298 309 324 331 345 354 372 391 415 406 378 382 430 501 549 451 347 330 323 308 289
301 332 338 351 326 317 320 318 236 229 227 225 211 220 230 254 270 281 292 315 326 323 323 347 394 438 458 487 415 286 246 232 218 210 207 210 205 201 202 202 206 208 209 214 213 217 224 223 229 231 235 245 252 256 267 272 271 274 275 277 303 288 282 286 285 278 287 299 318 340 349 347 359 367 388 414 398 392 395 482 553 568 493 510 447 315 298 282
321 311 318 324 307 293 323 299 239 233 243 233 215 220 235 260 278 294 298 322 335 341 359 343 341 355 411 500 461 315 252 233 219 211 209 207 200 200 205 205 206 208 213 214 214 218 216 218 221 226 231 239 247 253 253 254 260 265 270 279 289 304 284 279 289 280 281 296 319 350 364 363 368 372 380 399 407 428 432 456 534 556 534 520 367 309 311 300
298 284 300 302 279 284 304 304 244 240 233 228 219 219 237 256 274 279 307 335 325 339 353 331 337 395 475 459 502 378 286 261 229 218 210 208 205 203 202 205 206 208 208 211 217 223 225 224 228 227 229 238 241 246 246 249 253 257 261 270 272 283 295 299 287 282 279 292 303 324 346 358 363 380 389 393 430 536 543 571 515 461 404 392 344 351 426 386
283 274 293 277 286 270 273 285 249 245 235 229 222 218 232 251 274 287 308 320 337 330 325 324 324 362 365 431 495 471 360 307 262 234 213 209 207 201 204 205 207 211 207 219 215 214 223 225 229 230 227 233 234 236 238 243 247 254 253 257 259 267 277 294 294 291 283 283 291 303 317 331 348 369 374 379 432 619 726 745 652 520 446 416 422 537 544 521
268 310 283 281 287 260 250 244 239 233 229 227 226 225 236 258 275 291 300 332 328 337 338 326 364 399 349 394 478 495 434 347 291 244 215 207 204 197 203 209 213 211 206 212 225 214 214 215 225 228 234 233 233 235 237 239 240 242 252 251 252 257 268 275 294 301 290 298 293 311 321 340 352 370 365 360 413 610 778 788 713 596 515 538 532 683 641 584
273 278 264 274 275 257 251 246 244 241 234 232 240 225 243 261 279 293 296 318 331 359 339 335 328 329 330 352 398 473 494 396 310 247 215 207 202 200 200 204 208 208 207 209 217 218 217 216 225 221 229 235 239 238 237 238 241 246 246 244 251 255 256 263 275 296 307 303 305 315 338 337 341 344 358 350 377 559 738 741 720 688 604 598 614 721 683 663
271 259 294 299 328 298 275 264 252 244 240 232 240 228 243 258 278 291 306 329 334 346 355 351 348 327 329 344 388 453 501 452 338 266 223 211 205 202 202 209 212 214 210 215 216 221 221 219 226 223 230 237 237 237 241 242 242 242 237 240 251 251 253 264 269 277 287 286 290 306 308 309 328 325 363 337 351 482 637 653 620 641 632 648 656 728 732 728
269 281 275 308 331 321 277 260 251 244 240 238 240 229 241 254 278 314 341 359 365 359 376 379 362 335 330 351 356 408 478 494 390 297 238 214 207 202 203 207 212 216 215 218 218 227 226 225 230 231 231 237 236 232 243 245 245 241 238 239 241 244 247 256 260 260 263 268 280 287 291 293 305 306 325 324 346 442 588 578 561 593 609 619 601 616 634 635
262 274 277 289 317 334 300 263 256 248 247 243 248 235 245 255 276 317 319 354 378 367 388 388 387 338 325 332 341 399 448 475 441 341 264 217 209 206 208 209 212 218 219 221 224 225 227 226 229 235 237 238 238 238 235 238 248 265 258 252 245 245 244 244 248 261 260 259 270 282 279 287 304 314 316 314 340 420 577 562 557 596 578 612 638 641 627 637
300 306 312 322 336 338 326 276 260 254 249 251 253 242 250 259 281 315 347 372 389 389 391 364 346 321 335 373 379 381 409 375 366 290 248 218 212 208 209 212 219 220 231 225 231 228 230 228 230 235 239 249 251 244 240 244 240 254 274 275 265 259 253 254 250 250 252 254 265 268 273 287 302 328 319 313 341 421 605 543 556 549 586 561 615 702 667 612
297 304 304 318 333 306 323 291 263 259 256 259 269 268 255 282 314 325 349 373 382 394 382 359 351 327 322 372 397 337 309 282 256 236 225 219 214 213 219 216 223 226 230 236 235 233 237 242 235 233 239 249 253 249 245 247 243 245 254 274 297 282 274 271 272 259 252 254 255 260 274 286 297 301 324 319 350 447 607 515 493 549 573 526 568 696 633 592
288 290 298 306 316 294 285 282 277 267 265 268 270 294 287 295 311 321 333 350 374 388 387 356 346 318 332 398 379 303 268 254 239 231 223 220 219 219 219 222 225 232 236 242 236 238 245 250 238 237 239 241 247 257 256 253 252 254 254 260 276 266 281 296 284 277 269 261 258 260 267 275 287 300 318 307 347 431 568 480 480 525 469 485 539 594 624 615
273 290 297 290 294 278 280 298 292 284 281 278 281 303 295 295 299 312 328 346 365 386 401 357 333 307 321 372 355 287 262 248 239 231 227 227 235 245 237 237 246 247 247 253 249 247 249 250 242 241 242 245 248 249 258 264 267 271 266 258 253 250 250 257 260 288 284 270 256 254 263 275 279 305 312 306 332 389 567 463 433 466 411 508 558 621 623 558
292 297 292 283 289 271 278 293 287 289 291 278 284 289 287 294 303 316 330 344 364 375 389 367 330 296 316 340 347 316 277 257 242 237 233 240 254 266 265 268 278 283 280 272 261 258 258 262 255 251 249 247 256 257 262 265 279 271 266 260 252 247 245 248 251 251 252 250 249 249 259 269 282 292 293 299 314 363 529 482 374 377 414 451 498 569 542 496
295 292 278 285 284 266 276 283 277 286 275 266 275 290 299 304 309 321 333 347 358 368 375 349 304 297 324 323 334 318 298 272 252 245 262 282 309 313 317 314 322 336 340 307 303 276 270 275 261 260 258 257 261 264 271 279 280 276 270 263 255 251 246 245 248 248 249 247 250 250 262 274 276 279 288 293 297 339 479 446 353 327 368 401 462 504 486 415
284 274 263 268 271 261 271 280 275 272 259 273 286 297 311 318 321 331 339 346 357 369 367 325 298 299 306 319 311 295 294 285 276 273 307 313 306 317 305 300 311 311 330 327 335 343 334 316 278 274 266 266 266 273 278 274 268 269 262 262 256 252 252 247 246 245 244 244 244 245 261 262 268 277 286 283 285 303 387 394 337 295 320 401 434 437 404 380
255 257 255 251 252 251 263 268 266 260 270 276 288 296 309 315 325 329 338 351 364 369 371 344 296 301 311 302 293 284 286 275 288 301 343 301 290 284 300 305 312 301 303 305 324 342 362 347 333 315 306 286 283 297 289 283 270 263 258 254 254 253 253 249 248 255 268 266 270 252 250 262 280 284 275 270 272 274 331 346 297 279 309 399 395 373 363 338
260 260 253 248 247 247 248 247 259 270 282 295 301 306 300 308 332 343 353 362 360 358 366 364 308 297 288 289 292 283 277 283 290 295 301 282 293 311 336 341 341 348 344 331 328 350 377 338 335 328 315 338 325 306 293 283 277 273 263 259 254 252 256 255 262 312 351 368 390 298 254 256 267 287 297 274 277 271 285 278 267 287 308 325 357 349 333 309
266 260 253 244 247 246 244 252 267 273 283 288 297 293 284 303 318 338 350 353 352 345 349 343 307 297 291 284 284 288 278 282 284 287 286 288 282 289 293 301 303 313 361 385 365 353 343 313 299 295 295 315 348 325 311 311 304 286 270 263 258 256 260 269 312 388 409 410 368 293 259 253 255 342 330 279 279 270 271 279 259 268 276 293 329 335 328 313
254 246 255 250 242 242 242 251 263 267 270 281 289 288 280 293 308 325 337 346 349 341 338 304 299 306 291 292 280 276 293 291 295 310 315 320 305 304 310 306 304 308 312 376 403 422 390 344 325 291 293 297 320 312 301 322 353 323 290 277 266 270 267 331 401 418 433 412 361 292 271 254 253 331 305 287 278 284 288 274 277 264 257 271 308 329 315 309
255 246 260 258 240 239 243 245 253 260 270 283 276 275 274 283 300 311 327 339 334 328 331 325 307 327 297 278 287 291 302 303 313 314 342 366 367 376 397 366 355 346 333 329 339 351 344 316 302 283 288 284 319 300 283 289 325 365 335 296 282 302 376 400 432 460 461 425 412 343 269 248 266 339 300 282 286 295 313 300 284 286 266 253 281 308 287 280
250 234 249 258 244 245 235 241 249 262 264 273 262 269 261 272 284 304 309 325 322 310 310 341 321 297 282 291 309 325 331 334 339 338 341 367 426 430 424 445 420 395 390 360 333 317 303 291 280 272 276 300 302 297 288 278 285 322 340 316 322 352 427 465 466 481 453 414 376 303 277 258 248 274 316 269 280 299 333 327 315 310 282 262 250 256 257 245
240 227 234 239 237 235 235 244 250 248 257 265 258 255 261 274 285 292 302 314 304 291 279 314 310 277 291 306 305 324 338 338 354 357 363 376 402 445 431 445 467 461 429 393 371 352 339 331 308 289 271 273 292 285 305 282 276 290 304 314 368 408 435 456 461 455 448 382 308 287 277 270 255 245 263 258 270 289 322 313 298 292 285 274 260 246 237 256
224 224 230 233 236 239 239 238 244 245 251 249 248 263 277 280 271 273 284 291 286 274 273 281 270 277 316 333 331 330 340 346 352 350 358 355 365 367 404 437 440 448 444 434 408 379 357 350 343 318 280 265 268 268 267 267 323 346 317 377 437 468 468 459 444 431 414 323 291 281 270 261 252 250 246 248 261 283 306 300 289 273 266 255 244 233 249 276
231 244 245 240 240 240 229 235 235 238 239 250 264 275 285 271 265 266 279 272 262 260 263 270 280 294 322 333 324 325 331 346 348 353 338 340 328 322 378 420 453 466 444 463 454 442 415 384 367 349 282 260 258 263 256 269 313 390 414 493 576 585 499 444 419 409 382 338 330 296 279 275 268 254 245 239 251 274 302 289 276 272 254 243 228 231 265 377
225 237 237 229 229 227 229 231 232 236 246 252 262 271 269 263 253 256 260 255 260 276 281 291 294 300 313 320 330 341 341 350 358 356 330 319 320 338 353 398 419 454 468 465 480 436 404 399 418 358 292 271 260 253 256 267 306 326 395 519 642 558 470 415 400 335 320 283 300 283 281 280 266 260 248 239 247 262 285 280 263 251 239 231 224 242 295 475
228 233 225 222 229 234 233 244 240 244 241 248 257 256 262 253 248 250 256 259 267 271 274 297 314 310 327 329 336 330 321 333 340 343 328 330 329 348 371 351 355 410 464 466 447 413 423 439 456 378 328 299 272 258 279 272 317 370 391 384 495 444 388 376 365 280 265 264 267 274 279 286 253 260 251 240 239 253 283 273 260 245 231 221 225 246 284 383
225 222 221 230 237 242 241 238 237 245 240 247 249 244 245 243 255 261 270 267 277 291 294 301 304 323 324 318 311 315 323 318 336 318 325 336 327 334 347 351 355 346 379 429 458 452 437 448 477 405 365 338 295 261 252 250 323 358 330 322 359 331 293 298 321 266 248 257 252 279 275 265 252 246 246 235 232 252 278 271 265 236 220 220 227 246 275 347
220 222 226 232 237 238 236 231 236 242 239 242 241 243 243 245 249 256 264 273 279 302 316 304 312 317 314 309 299 313 305 300 302 321 320 332 330 323 334 344 347 357 349 356 385 437 469 421 434 394 359 363 331 272 252 249 256 313 284 252 257 261 258 261 281 288 255 243 242 267 283 251 244 246 238 238 231 246 272 269 253 225 217 219 227 241 263 358
221 226 239 245 245 236 227 240 244 236 237 234 242 246 251 259 266 261 263 273 286 306 300 309 317 313 302 292 291 285 290 298 319 331 339 360 350 348 346 340 345 350 349 352 351 382 420 433 397 378 373 389 334 263 254 257 261 252 258 245 245 246 250 256 257 251 236 241 241 262 292 272 241 235 238 231 228 244 272 264 248 222 216 220 236 243 258 305
225 233 239 236 230 229 235 241 231 232 235 236 242 254 270 272 282 278 274 283 296 290 295 303 305 299 292 282 283 296 315 302 319 354 352 369 368 367 351 347 342 341 352 368 356 357 370 386 397 372 375 353 353 287 261 270 275 271 264 252 252 262 257 246 251 242 244 233 235 256 262 260 245 240 234 232 227 243 261 254 243 217 214 223 236 241 256 312
229 229 229 227 226 228 230 230 230 233 236 243 248 262 278 299 310 307 303 310 308 291 301 304 303 301 285 282 297 316 337 348 358 347 359 365 380 380 352 353 352 347 344 360 356 357 370 375 375 365 342 335 316 280 271 275 313 305 275 271 272 264 257 247 260 259 251 232 230 229 231 234 237 235 230 226 224 236 254 245 239 217 213 229 240 242 258 286
230 228 228 229 231 233 233 235 241 242 246 253 259 272 280 292 305 301 302 302 293 290 296 305 307 288 276 284 297 308 322 342 357 360 358 370 378 383 366 362 360 354 352 356 363 360 365 369 360 351 338 305 292 285 284 302 339 300 280 286 265 253 255 259 261 251 239 232 229 232 231 230 226 224 219 220 233 246 249 243 229 224 214 235 239 243 262 286
231 232 234 239 243 250 253 245 246 250 256 262 267 268 277 291 304 303 295 285 281 288 298 295 292 283 277 289 302 314 328 332 350 359 350 357 358 358 358 365 366 365 364 365 373 376 364 355 349 336 324 307 298 292 291 353 375 330 319 291 264 257 263 244 238 235 235 232 237 236 243 251 230 217 216 229 246 245 242 237 224 221 215 229 236 246 265 281
243 237 246 244 246 249 259 253 256 256 259 259 260 264 274 292 293 289 281 275 277 290 296 284 280 277 279 290 301 309 320 332 344 337 334 334 335 346 354 347 362 365 366 364 373 387 364 345 336 329 319 310 305 326 337 332 366 357 316 305 288 279 267 239 237 236 237 240 246 246 277 290 252 219 215 224 244 242 239 231 221 218 215 228 239 249 264 285
249 244 245 248 251 255 254 261 262 259 258 259 260 266 279 287 285 277 268 273 281 280 280 275 279 284 285 290 294 301 315 325 326 322 322 330 351 347 339 350 354 358 362 369 376 375 354 335 326 318 320 319 311 324 407 379 374 354 338 326 304 305 252 243 237 237 254 259 264 261 279 300 255 219 218 220 235 235 237 238 221 214 217 231 236 249 269 295
