Data/environmental_layers/bio_6.asc
NCOLS 1388 
NROWS 588 
XLLCORNER -124.791663787 
YLLCORNER 24.9166710953946 
CELLSIZE 0.0416666688394528 
NODATA_value -9999 
[rows 240 to 279 of 588, columns 180 to 269 of 1388]
-83 -82 -82 -82 -102 -102 -98 -83 -80 -79 -79 -80 -82 -85 -85 -89 -90 -94 -102 -113 -111 -97 -90 -89 -90 -91 -94 -102 -104 -108 -112 -105 -101 -103 -101 -96 -98 -102 -108 -105 -106 -109 -114 -123 -123 -124 -124 -119 -118 -119 -125 -131 -133 -133 -134 -129 -123 -132 -115 -103 -111 -122 -123 -134 -147 -132 -104 -99 -100 -100 -102 -114 -131 -125 -122 -121 -108 -104 -102 -101 -101 -102 -103 -106 -107 -110 -107 -103 -101 -99
-85 -84 -85 -93 -110 -114 -88 -81 -80 -80 -80 -80 -82 -88 -86 -88 -93 -102 -109 -119 -110 -99 -92 -90 -90 -92 -94 -99 -108 -104 -98 -100 -97 -95 -95 -97 -100 -107 -111 -106 -107 -111 -115 -124 -123 -121 -123 -120 -119 -120 -123 -130 -135 -134 -134 -133 -124 -117 -109 -105 -122 -126 -127 -135 -147 -135 -107 -99 -99 -99 -101 -112 -130 -124 -119 -117 -116 -103 -101 -100 -101 -101 -101 -103 -105 -109 -106 -103 -101 -99
-87 -86 -94 -113 -118 -104 -83 -81 -81 -80 -81 -84 -88 -89 -87 -88 -91 -99 -106 -109 -109 -97 -93 -91 -91 -93 -96 -101 -111 -100 -94 -95 -95 -95 -99 -102 -102 -109 -108 -106 -108 -113 -118 -124 -126 -123 -129 -122 -119 -120 -123 -130 -136 -136 -136 -135 -128 -118 -113 -111 -127 -131 -131 -141 -144 -143 -114 -99 -99 -99 -101 -110 -130 -135 -135 -123 -117 -103 -100 -99 -100 -100 -101 -102 -105 -108 -107 -106 -103 -100
-89 -93 -113 -113 -122 -93 -82 -81 -81 -81 -83 -87 -97 -91 -88 -89 -91 -97 -105 -105 -114 -100 -93 -92 -92 -97 -97 -98 -102 -96 -93 -94 -95 -96 -99 -107 -106 -109 -106 -106 -110 -124 -128 -128 -130 -126 -130 -122 -118 -120 -122 -132 -135 -136 -137 -136 -133 -130 -118 -117 -128 -137 -136 -142 -131 -137 -116 -99 -99 -100 -102 -110 -125 -136 -148 -140 -125 -105 -99 -99 -99 -100 -101 -103 -105 -110 -111 -109 -106 -102
-94 -99 -115 -112 -107 -87 -83 -82 -82 -83 -88 -93 -100 -96 -90 -90 -93 -105 -105 -109 -108 -97 -93 -92 -97 -106 -102 -100 -103 -96 -94 -95 -95 -97 -100 -105 -109 -106 -107 -109 -112 -126 -132 -129 -132 -130 -130 -124 -120 -121 -123 -132 -136 -134 -136 -136 -135 -130 -122 -120 -126 -133 -132 -140 -127 -117 -104 -100 -100 -101 -109 -119 -128 -133 -141 -130 -114 -102 -99 -98 -99 -99 -102 -105 -107 -115 -115 -111 -106 -102
-101 -109 -124 -118 -95 -87 -85 -83 -83 -87 -98 -103 -104 -96 -92 -91 -94 -103 -102 -109 -103 -101 -94 -96 -108 -113 -106 -102 -103 -97 -96 -96 -97 -99 -102 -104 -105 -104 -107 -113 -107 -115 -125 -124 -128 -132 -130 -125 -123 -122 -124 -130 -132 -129 -133 -135 -135 -133 -126 -120 -123 -125 -127 -132 -134 -113 -103 -101 -100 -101 -108 -123 -118 -118 -128 -123 -109 -100 -98 -98 -98 -100 -102 -107 -108 -111 -112 -110 -106 -103
-108 -116 -124 -111 -91 -86 -84 -84 -85 -91 -109 -111 -103 -96 -94 -92 -94 -97 -101 -114 -110 -106 -99 -102 -118 -116 -108 -102 -99 -97 -96 -97 -99 -102 -104 -104 -103 -102 -106 -107 -105 -110 -119 -122 -126 -130 -129 -129 -126 -125 -124 -124 -126 -125 -130 -135 -139 -134 -129 -122 -121 -124 -130 -128 -133 -113 -103 -101 -101 -106 -111 -111 -106 -103 -103 -101 -99 -97 -97 -97 -98 -102 -104 -106 -106 -107 -110 -111 -110 -104
-115 -122 -113 -91 -87 -86 -86 -86 -88 -99 -112 -112 -108 -103 -96 -94 -95 -97 -101 -110 -114 -112 -103 -107 -121 -113 -106 -102 -99 -98 -98 -103 -108 -107 -107 -105 -102 -103 -104 -103 -104 -110 -119 -121 -131 -132 -130 -131 -129 -127 -125 -122 -119 -122 -127 -132 -138 -136 -129 -122 -120 -122 -127 -126 -117 -109 -104 -102 -102 -110 -115 -106 -102 -100 -99 -98 -97 -96 -96 -97 -97 -100 -103 -105 -104 -105 -107 -112 -112 -107
-117 -116 -96 -88 -87 -87 -87 -89 -92 -98 -113 -121 -118 -106 -97 -95 -97 -99 -103 -109 -118 -116 -111 -110 -117 -110 -105 -102 -100 -99 -100 -106 -115 -114 -108 -106 -100 -100 -102 -102 -104 -108 -115 -121 -128 -130 -129 -130 -128 -126 -124 -125 -117 -119 -120 -125 -135 -137 -129 -123 -120 -121 -123 -126 -119 -109 -104 -103 -103 -116 -129 -120 -112 -101 -99 -97 -97 -96 -96 -96 -97 -98 -100 -102 -102 -102 -106 -110 -112 -113
-123 -109 -93 -88 -88 -88 -88 -92 -96 -104 -115 -120 -117 -102 -97 -97 -99 -102 -106 -114 -114 -107 -111 -108 -112 -111 -105 -102 -100 -99 -100 -106 -115 -115 -109 -102 -99 -98 -102 -103 -102 -105 -114 -123 -129 -128 -127 -127 -123 -122 -123 -119 -115 -114 -115 -121 -132 -134 -128 -123 -121 -121 -123 -125 -116 -109 -105 -103 -104 -107 -124 -142 -128 -106 -99 -97 -95 -95 -96 -96 -97 -97 -98 -99 -100 -101 -104 -113 -116 -118
-120 -103 -92 -89 -89 -88 -90 -95 -104 -107 -113 -116 -107 -99 -98 -99 -101 -105 -111 -118 -109 -102 -105 -105 -112 -112 -104 -103 -101 -100 -100 -105 -108 -114 -110 -103 -99 -97 -100 -102 -99 -103 -111 -120 -132 -129 -128 -125 -121 -117 -118 -116 -114 -111 -112 -116 -129 -133 -129 -124 -122 -123 -126 -125 -117 -111 -107 -104 -103 -105 -121 -150 -136 -116 -104 -99 -96 -95 -95 -96 -97 -98 -98 -99 -100 -100 -103 -108 -112 -118
-116 -100 -93 -91 -90 -90 -93 -99 -104 -112 -114 -112 -103 -98 -98 -101 -103 -107 -116 -112 -104 -101 -101 -103 -113 -108 -106 -108 -103 -101 -101 -103 -104 -107 -107 -106 -99 -95 -98 -100 -97 -101 -109 -121 -136 -128 -125 -122 -120 -117 -115 -114 -110 -109 -109 -113 -126 -136 -130 -124 -124 -126 -126 -127 -121 -111 -107 -105 -103 -104 -116 -142 -135 -127 -121 -105 -98 -96 -96 -99 -101 -104 -101 -101 -101 -101 -102 -105 -107 -112
-117 -101 -95 -92 -91 -92 -95 -100 -105 -109 -110 -106 -100 -98 -99 -103 -110 -115 -114 -104 -101 -99 -100 -106 -108 -105 -110 -115 -105 -101 -102 -104 -101 -103 -106 -108 -99 -95 -94 -94 -95 -100 -109 -121 -136 -131 -127 -124 -118 -116 -115 -116 -108 -106 -106 -111 -126 -131 -128 -124 -126 -129 -126 -131 -120 -112 -108 -105 -103 -103 -111 -137 -134 -122 -109 -103 -100 -98 -97 -99 -104 -107 -103 -103 -103 -103 -102 -104 -106 -108
-120 -110 -95 -93 -92 -94 -99 -106 -113 -116 -108 -101 -99 -98 -100 -111 -120 -121 -115 -102 -99 -99 -103 -113 -108 -104 -115 -108 -106 -100 -100 -101 -100 -100 -103 -109 -101 -98 -95 -92 -92 -96 -105 -121 -130 -128 -120 -122 -117 -116 -115 -112 -105 -105 -105 -114 -127 -130 -126 -124 -124 -126 -125 -124 -117 -112 -108 -106 -104 -104 -108 -132 -139 -128 -113 -103 -100 -99 -97 -98 -101 -105 -108 -109 -107 -105 -103 -104 -107 -109
-129 -119 -97 -93 -93 -96 -103 -119 -134 -123 -108 -101 -100 -99 -104 -116 -130 -120 -110 -101 -99 -99 -103 -114 -106 -101 -105 -104 -105 -100 -101 -99 -98 -99 -102 -108 -104 -106 -99 -92 -90 -92 -98 -105 -110 -113 -115 -119 -118 -119 -113 -111 -104 -104 -105 -115 -127 -128 -124 -124 -123 -123 -124 -120 -115 -112 -108 -106 -105 -104 -108 -129 -126 -124 -122 -103 -99 -98 -97 -98 -100 -105 -110 -110 -108 -108 -105 -105 -110 -111
-125 -118 -98 -94 -95 -98 -106 -119 -135 -127 -113 -103 -100 -101 -110 -117 -128 -120 -108 -100 -97 -99 -104 -111 -102 -98 -99 -105 -105 -103 -99 -98 -97 -99 -106 -112 -109 -105 -96 -91 -89 -90 -92 -97 -101 -106 -119 -118 -115 -112 -106 -103 -103 -103 -105 -120 -129 -125 -122 -122 -125 -124 -121 -117 -115 -112 -109 -107 -106 -104 -107 -117 -115 -113 -124 -104 -98 -97 -98 -98 -100 -104 -105 -106 -112 -110 -106 -108 -111 -109
-115 -112 -99 -95 -96 -99 -105 -112 -123 -119 -116 -108 -101 -100 -108 -118 -127 -121 -105 -98 -97 -101 -107 -109 -105 -99 -96 -104 -105 -100 -97 -96 -97 -101 -113 -109 -102 -102 -96 -88 -88 -89 -91 -93 -99 -105 -113 -116 -109 -104 -101 -101 -102 -103 -109 -120 -124 -122 -120 -121 -126 -124 -118 -116 -115 -113 -112 -108 -107 -105 -105 -108 -110 -107 -115 -102 -98 -98 -99 -100 -100 -102 -103 -105 -111 -108 -105 -106 -111 -109
-115 -107 -97 -95 -98 -104 -111 -121 -118 -113 -112 -105 -101 -101 -110 -115 -121 -112 -103 -97 -97 -103 -113 -116 -110 -99 -94 -98 -103 -98 -95 -95 -97 -103 -111 -106 -99 -94 -90 -87 -87 -88 -89 -92 -102 -103 -108 -113 -106 -101 -100 -101 -101 -103 -117 -126 -125 -120 -118 -119 -124 -132 -118 -116 -115 -113 -113 -111 -108 -105 -105 -105 -105 -104 -103 -100 -98 -98 -102 -104 -103 -102 -103 -104 -104 -103 -102 -105 -115 -111
-113 -105 -95 -96 -99 -105 -115 -120 -117 -114 -107 -102 -101 -101 -107 -111 -114 -108 -101 -96 -98 -105 -117 -115 -117 -96 -91 -96 -100 -95 -93 -95 -98 -104 -103 -99 -93 -89 -87 -85 -85 -86 -88 -92 -109 -110 -107 -112 -107 -101 -100 -100 -100 -103 -115 -125 -123 -118 -116 -116 -118 -129 -117 -115 -113 -112 -112 -112 -108 -105 -104 -104 -104 -102 -101 -100 -98 -100 -104 -111 -107 -104 -104 -104 -101 -101 -101 -103 -109 -113
-107 -103 -94 -96 -102 -107 -112 -109 -106 -107 -104 -101 -101 -102 -108 -111 -105 -105 -99 -95 -102 -105 -104 -107 -110 -91 -89 -91 -92 -91 -92 -100 -102 -102 -103 -96 -88 -85 -84 -84 -84 -85 -87 -97 -112 -113 -110 -110 -106 -105 -101 -99 -100 -101 -107 -116 -119 -116 -115 -114 -115 -121 -115 -113 -112 -110 -110 -112 -109 -105 -104 -103 -102 -100 -100 -99 -99 -100 -104 -113 -108 -105 -104 -103 -101 -100 -101 -102 -110 -122
-97 -94 -93 -97 -103 -110 -110 -105 -101 -102 -104 -102 -102 -106 -112 -102 -98 -101 -102 -96 -98 -102 -97 -94 -89 -86 -87 -89 -90 -90 -91 -95 -100 -99 -99 -89 -83 -82 -82 -83 -83 -84 -89 -112 -115 -113 -112 -112 -110 -101 -100 -98 -99 -100 -103 -109 -115 -116 -116 -112 -113 -117 -113 -110 -109 -109 -109 -109 -110 -105 -104 -103 -103 -100 -99 -99 -99 -101 -104 -113 -109 -106 -105 -103 -102 -101 -101 -103 -107 -116
-91 -92 -95 -100 -105 -107 -106 -101 -98 -100 -102 -103 -107 -112 -107 -98 -94 -95 -97 -94 -98 -98 -88 -85 -85 -84 -88 -95 -90 -89 -90 -93 -97 -97 -90 -84 -81 -81 -82 -82 -83 -84 -90 -110 -115 -117 -111 -109 -104 -98 -97 -97 -98 -99 -101 -106 -117 -119 -112 -109 -110 -115 -110 -108 -107 -106 -106 -108 -109 -104 -103 -103 -103 -101 -99 -99 -100 -102 -105 -115 -113 -108 -107 -104 -102 -101 -102 -103 -107 -112
-88 -92 -99 -105 -110 -103 -100 -97 -96 -99 -103 -102 -109 -104 -99 -94 -91 -97 -98 -101 -104 -103 -87 -82 -82 -84 -87 -91 -89 -89 -89 -92 -92 -95 -87 -81 -79 -80 -81 -81 -82 -83 -89 -104 -117 -115 -110 -103 -100 -97 -96 -96 -96 -97 -99 -105 -117 -109 -107 -107 -109 -112 -108 -106 -105 -104 -104 -104 -104 -104 -104 -103 -104 -103 -99 -99 -99 -102 -105 -113 -115 -109 -107 -104 -103 -102 -103 -103 -107 -117
-89 -92 -97 -102 -100 -98 -95 -94 -99 -105 -106 -105 -107 -108 -98 -91 -89 -96 -96 -101 -102 -99 -86 -82 -81 -82 -86 -93 -89 -89 -89 -89 -90 -89 -81 -79 -79 -80 -80 -81 -81 -84 -94 -104 -110 -115 -109 -99 -96 -95 -95 -95 -95 -96 -98 -108 -108 -104 -104 -105 -108 -107 -111 -106 -103 -102 -102 -101 -102 -106 -106 -105 -103 -102 -100 -99 -99 -101 -103 -107 -110 -109 -107 -104 -103 -103 -104 -104 -108 -118
-91 -92 -93 -95 -94 -92 -91 -92 -99 -106 -111 -108 -110 -109 -96 -89 -88 -90 -93 -104 -101 -97 -86 -82 -80 -80 -88 -93 -88 -88 -87 -88 -86 -82 -78 -78 -78 -78 -80 -80 -82 -92 -104 -111 -110 -106 -100 -96 -94 -93 -93 -94 -94 -95 -98 -107 -106 -102 -102 -104 -103 -103 -106 -102 -101 -100 -100 -100 -101 -104 -107 -111 -106 -102 -99 -99 -99 -100 -102 -104 -107 -108 -106 -105 -104 -104 -104 -106 -112 -120
-96 -99 -98 -91 -90 -89 -89 -90 -94 -101 -106 -112 -112 -105 -96 -88 -87 -88 -92 -103 -104 -99 -86 -80 -79 -78 -81 -87 -92 -90 -87 -91 -89 -78 -77 -77 -78 -78 -78 -81 -87 -102 -117 -118 -107 -101 -96 -93 -92 -91 -92 -92 -93 -94 -98 -107 -104 -100 -100 -103 -100 -100 -107 -102 -98 -98 -97 -98 -98 -100 -106 -110 -112 -103 -100 -99 -99 -99 -101 -105 -109 -107 -106 -105 -105 -104 -106 -111 -120 -118
-97 -109 -101 -91 -88 -87 -87 -88 -91 -96 -98 -100 -101 -96 -94 -85 -86 -85 -89 -102 -101 -97 -86 -78 -77 -77 -78 -83 -95 -87 -83 -86 -83 -77 -76 -76 -77 -77 -78 -82 -90 -104 -122 -117 -102 -97 -93 -91 -92 -90 -90 -91 -93 -96 -97 -100 -100 -98 -102 -101 -97 -97 -100 -101 -97 -95 -95 -96 -99 -100 -107 -108 -103 -104 -103 -102 -100 -100 -100 -102 -108 -111 -110 -107 -105 -105 -106 -116 -121 -115
-90 -102 -97 -91 -88 -85 -86 -88 -92 -96 -95 -94 -92 -88 -88 -83 -84 -83 -87 -94 -95 -90 -83 -77 -76 -76 -76 -80 -87 -88 -84 -80 -79 -77 -75 -76 -76 -77 -80 -86 -92 -106 -121 -107 -96 -91 -89 -91 -89 -88 -88 -90 -94 -96 -95 -96 -97 -99 -99 -94 -93 -95 -96 -98 -95 -93 -93 -94 -99 -109 -107 -102 -100 -102 -100 -102 -108 -103 -100 -101 -106 -113 -112 -107 -106 -106 -106 -111 -116 -117
-87 -94 -93 -92 -88 -83 -86 -91 -96 -99 -94 -91 -92 -86 -84 -82 -82 -81 -84 -90 -93 -85 -79 -76 -75 -75 -75 -80 -87 -86 -80 -76 -75 -75 -75 -75 -77 -81 -95 -100 -100 -109 -109 -97 -90 -87 -87 -94 -91 -87 -87 -88 -91 -92 -92 -94 -96 -98 -93 -91 -91 -92 -95 -96 -93 -90 -90 -91 -95 -107 -108 -100 -97 -96 -96 -99 -108 -110 -101 -101 -104 -109 -113 -108 -106 -106 -106 -108 -112 -114
-83 -90 -90 -86 -82 -81 -87 -92 -97 -92 -93 -87 -89 -87 -82 -80 -79 -79 -81 -85 -90 -85 -76 -75 -75 -77 -77 -76 -77 -74 -73 -73 -74 -76 -77 -79 -85 -94 -107 -107 -106 -106 -97 -90 -86 -84 -87 -87 -87 -87 -87 -87 -87 -91 -89 -92 -96 -95 -90 -88 -89 -91 -93 -91 -89 -87 -87 -87 -90 -94 -102 -97 -94 -93 -93 -96 -101 -105 -100 -100 -103 -108 -117 -109 -107 -107 -106 -107 -109 -110
-82 -88 -92 -83 -79 -79 -82 -86 -90 -89 -84 -84 -89 -88 -81 -79 -78 -78 -80 -83 -88 -87 -77 -75 -75 -79 -85 -79 -74 -73 -73 -73 -74 -78 -81 -90 -102 -103 -113 -102 -98 -97 -89 -85 -83 -83 -87 -84 -84 -89 -91 -89 -86 -85 -86 -88 -90 -89 -86 -86 -87 -87 -87 -86 -86 -85 -84 -84 -85 -88 -98 -103 -94 -92 -91 -93 -98 -104 -100 -100 -101 -105 -114 -112 -107 -107 -107 -106 -108 -109
-80 -85 -87 -80 -76 -76 -76 -78 -82 -84 -80 -79 -85 -85 -81 -77 -77 -78 -81 -86 -92 -88 -79 -75 -78 -85 -88 -82 -75 -71 -71 -72 -76 -84 -86 -95 -105 -113 -105 -97 -95 -88 -84 -82 -81 -82 -86 -81 -81 -84 -90 -92 -88 -85 -83 -84 -86 -86 -84 -83 -84 -84 -84 -85 -87 -82 -82 -82 -82 -83 -87 -94 -95 -90 -90 -91 -96 -103 -101 -99 -100 -102 -105 -109 -109 -107 -105 -105 -107 -107
-80 -84 -83 -77 -74 -74 -73 -74 -75 -81 -78 -76 -82 -84 -79 -75 -76 -78 -83 -87 -91 -91 -79 -76 -80 -87 -88 -82 -74 -70 -70 -71 -76 -84 -90 -99 -107 -105 -94 -88 -86 -83 -80 -80 -79 -82 -79 -79 -79 -81 -84 -89 -96 -90 -85 -82 -83 -84 -83 -81 -81 -82 -82 -82 -95 -81 -80 -80 -79 -80 -82 -86 -90 -90 -89 -91 -95 -104 -101 -99 -100 -101 -103 -106 -108 -107 -105 -104 -105 -104
-78 -81 -82 -76 -72 -72 -71 -71 -71 -73 -73 -73 -75 -76 -74 -74 -76 -81 -90 -102 -101 -87 -79 -77 -79 -85 -91 -84 -73 -68 -68 -69 -75 -85 -94 -94 -102 -96 -90 -86 -82 -80 -79 -78 -78 -79 -79 -77 -78 -79 -82 -87 -95 -93 -86 -81 -81 -83 -81 -80 -80 -80 -80 -80 -97 -82 -77 -78 -78 -78 -79 -81 -84 -87 -88 -91 -95 -102 -102 -99 -99 -100 -102 -104 -104 -104 -105 -104 -103 -102
-75 -80 -80 -74 -71 -70 -70 -70 -69 -74 -72 -71 -71 -72 -71 -74 -79 -84 -91 -100 -102 -87 -79 -78 -80 -84 -91 -86 -73 -67 -67 -69 -75 -85 -93 -89 -88 -84 -84 -82 -81 -78 -78 -78 -79 -80 -76 -76 -77 -78 -82 -86 -94 -93 -83 -79 -80 -83 -80 -78 -78 -79 -79 -78 -87 -84 -74 -75 -77 -77 -78 -79 -81 -84 -86 -90 -97 -105 -101 -98 -99 -101 -104 -103 -102 -102 -102 -102 -101 -100
-71 -72 -74 -72 -69 -69 -68 -68 -68 -72 -71 -69 -70 -70 -70 -74 -80 -86 -97 -97 -102 -91 -83 -79 -79 -81 -87 -88 -75 -67 -66 -69 -76 -88 -87 -81 -77 -76 -77 -82 -90 -78 -77 -79 -83 -82 -74 -74 -75 -77 -81 -85 -84 -86 -81 -77 -79 -79 -78 -77 -77 -77 -78 -76 -86 -87 -73 -73 -74 -77 -78 -79 -81 -83 -85 -88 -94 -99 -103 -98 -98 -100 -100 -100 -100 -100 -100 -99 -99 -98
-68 -70 -71 -69 -68 -67 -67 -67 -67 -67 -68 -68 -68 -68 -69 -72 -76 -81 -84 -85 -92 -95 -86 -81 -79 -78 -82 -91 -79 -67 -67 -69 -76 -83 -78 -74 -72 -71 -73 -80 -95 -79 -77 -81 -89 -82 -72 -73 -73 -75 -82 -84 -80 -79 -77 -76 -79 -78 -76 -76 -76 -76 -77 -75 -85 -96 -74 -72 -72 -74 -77 -80 -81 -82 -84 -88 -91 -94 -96 -96 -97 -98 -98 -99 -98 -99 -98 -98 -97 -96
-68 -68 -68 -69 -66 -67 -66 -67 -67 -67 -67 -67 -67 -67 -67 -69 -72 -74 -76 -79 -82 -91 -90 -82 -78 -76 -79 -91 -80 -68 -67 -71 -77 -75 -72 -69 -68 -68 -69 -75 -89 -78 -78 -84 -91 -78 -72 -72 -72 -73 -80 -80 -76 -74 -73 -76 -79 -76 -75 -74 -75 -76 -76 -75 -77 -82 -73 -76 -77 -76 -77 -80 -80 -81 -83 -87 -89 -90 -92 -95 -96 -97 -97 -97 -98 -98 -98 -98 -97 -95
-69 -68 -67 -69 -68 -66 -67 -67 -68 -70 -70 -68 -67 -66 -66 -67 -69 -71 -72 -74 -77 -83 -92 -86 -78 -75 -74 -78 -73 -68 -67 -70 -74 -74 -70 -67 -65 -65 -65 -68 -84 -79 -83 -83 -82 -74 -72 -71 -72 -72 -72 -76 -72 -69 -73 -75 -77 -75 -73 -73 -74 -75 -76 -75 -73 -72 -75 -77 -78 -79 -78 -78 -79 -81 -85 -89 -90 -89 -91 -93 -95 -96 -96 -96 -96 -97 -98 -97 -96 -94
-70 -68 -68 -71 -70 -67 -65 -66 -70 -76 -76 -70 -68 -66 -65 -66 -67 -68 -69 -71 -73 -77 -87 -90 -79 -74 -72 -70 -68 -68 -68 -71 -77 -73 -68 -64 -63 -63 -64 -67 -75 -80 -83 -80 -79 -74 -72 -71 -74 -72 -70 -68 -67 -69 -73 -75 -77 -74 -73 -72 -73 -74 -74 -74 -73 -72 -75 -77 -78 -78 -78 -78 -78 -81 -85 -87 -87 -88 -90 -92 -94 -94 -94 -95 -95 -95 -96 -96 -94 -93
