Data/environmental_layers/bio_5.asc
NCOLS 1388 
NROWS 588 
XLLCORNER -124.791663787 
YLLCORNER 24.9166710953946 
CELLSIZE 0.0416666688394528 
NODATA_value -9999 
[rows 440 to 479 of 588, columns 637 to 727 of 1388]
348 350 351 352 352 352 352 349 351 349 350 350 350 351 351 352 351 352 354 356 356 355 356 357 357 357 356 356 356 357 357 357 357 357 358 358 357 357 357 357 356 355 355 356 355 356 356 357 355 354 353 354 355 355 354 354 354 354 354 354 354 355 354 352 351 350 350 350 350 350 350 349 349 348 347 347 347 347 347 346 345 346 346 345 345 345 345 345 345 344 344
348 348 348 349 349 351 353 352 353 352 352 351 351 352 352 353 353 353 355 356 357 356 357 357 357 358 357 357 356 356 356 357 357 358 358 358 358 358 357 356 356 356 356 355 355 355 355 357 356 355 355 355 355 355 355 355 355 355 355 354 354 355 354 352 352 351 350 350 350 350 349 348 349 348 347 347 346 346 346 347 346 345 345 345 345 345 345 344 344 344 344
345 346 347 346 347 349 351 353 352 353 353 353 352 353 351 351 352 354 355 357 357 357 357 356 356 357 358 357 357 356 357 357 357 356 356 358 358 358 357 357 356 355 354 355 354 354 355 356 357 356 355 355 355 355 356 356 355 355 355 355 354 355 354 353 352 352 351 350 350 350 349 349 349 349 348 348 347 346 346 345 345 344 344 345 344 343 343 343 343 342 342
343 344 345 346 348 350 351 350 350 351 351 352 352 350 351 352 353 353 354 355 356 358 358 356 356 356 357 357 357 357 357 357 356 356 356 357 358 358 357 356 356 355 354 355 356 355 356 356 357 356 355 355 355 356 356 357 356 355 355 355 355 355 355 354 353 353 352 352 350 350 350 350 349 348 348 347 347 346 345 344 343 343 343 343 343 343 343 342 342 341 341
341 343 344 346 347 348 348 347 349 349 349 350 348 350 351 352 352 352 353 355 356 357 358 357 357 356 356 357 357 357 357 358 357 357 357 356 357 358 358 357 356 355 354 355 355 355 356 356 356 356 356 355 355 356 356 356 357 356 356 355 355 355 354 353 352 352 352 352 352 351 351 350 349 348 347 347 347 347 345 345 344 344 342 341 342 342 342 341 341 340 341
341 342 344 345 345 346 346 347 347 348 348 348 349 349 351 351 351 352 353 355 355 355 357 357 358 357 356 355 355 355 356 357 357 358 358 358 357 357 357 358 357 355 355 354 355 355 356 356 356 357 356 355 355 356 356 356 356 356 355 354 354 353 352 352 352 352 351 351 351 351 350 349 350 349 348 347 347 346 345 345 345 344 342 341 341 341 339 339 340 339 339
341 342 343 344 346 347 347 348 347 348 349 349 349 350 351 350 351 352 354 355 355 356 356 356 357 357 357 356 356 356 357 355 355 355 356 356 356 356 358 358 357 356 355 355 354 355 355 355 356 356 356 355 355 355 355 355 355 355 355 354 353 351 352 352 352 351 351 350 350 349 349 349 349 349 349 348 347 346 344 346 345 343 342 342 342 340 340 339 339 339 338
342 341 342 343 344 345 347 349 347 348 349 350 350 351 351 350 351 353 354 355 355 355 355 355 355 355 356 356 356 357 355 355 355 354 354 354 355 356 357 357 357 356 356 355 355 355 355 355 356 356 356 355 355 355 354 355 355 354 353 352 351 352 351 351 351 351 350 349 348 348 348 348 348 348 349 349 347 346 345 346 345 342 341 341 341 341 340 339 338 339 339
344 342 341 343 345 346 347 348 349 349 349 349 351 352 352 351 352 353 354 355 356 355 355 355 355 355 356 355 356 355 354 355 354 353 353 354 355 356 356 357 357 357 356 355 355 355 355 355 355 356 356 355 354 354 354 354 354 353 352 352 352 352 351 350 349 349 349 348 347 346 346 347 348 349 349 348 347 347 346 346 343 342 342 341 341 341 339 339 339 339 339
346 345 341 343 344 345 347 347 349 350 350 350 351 352 353 353 353 353 354 356 356 355 356 356 356 355 356 356 355 354 353 353 352 353 354 355 355 354 354 356 357 357 355 355 355 354 354 355 355 356 356 355 354 354 353 353 353 352 352 352 352 352 350 349 348 347 348 347 347 346 347 346 346 346 348 348 347 347 346 344 342 342 342 341 340 341 339 340 340 339 339
350 346 342 343 342 344 346 347 349 348 348 349 350 353 353 354 355 355 356 356 355 355 355 355 355 356 356 354 353 353 352 352 352 352 352 353 355 355 356 356 357 357 356 356 354 355 355 355 355 356 355 355 355 354 353 353 352 351 351 350 351 352 351 350 348 348 347 348 347 346 346 346 346 345 346 347 347 346 346 345 342 342 342 341 341 340 339 340 339 339 339
352 350 347 345 346 343 346 347 347 349 349 349 351 351 352 352 353 354 355 355 355 355 355 354 355 355 354 353 352 353 353 352 352 353 353 353 354 355 355 355 356 357 357 356 355 354 355 355 355 356 355 354 355 353 353 352 352 352 351 351 351 351 351 350 349 348 347 347 348 347 346 345 346 345 344 345 345 346 346 345 343 342 342 341 341 340 340 340 340 339 340
354 354 351 349 348 346 346 348 347 348 349 350 350 352 352 353 353 354 355 355 355 355 355 355 355 354 352 351 352 352 353 353 352 352 352 353 355 355 355 356 357 357 357 357 355 355 354 355 355 356 355 355 354 353 353 351 351 351 350 350 350 350 350 350 349 348 347 347 346 347 346 345 345 345 343 343 344 344 345 345 344 343 342 341 341 341 341 340 340 340 339
353 354 354 352 350 350 346 349 350 347 349 351 351 352 354 353 354 355 355 355 356 356 356 355 354 352 352 352 351 352 352 353 354 352 352 353 354 355 355 356 357 357 358 357 357 356 355 355 355 356 356 355 354 353 351 351 351 351 351 350 350 350 350 350 348 348 347 347 345 344 344 345 344 344 343 343 343 344 344 344 344 344 342 342 341 341 341 341 340 340 340
350 352 353 354 352 354 350 351 350 348 349 350 351 351 351 352 354 355 355 356 356 356 355 354 353 353 353 352 351 351 352 352 354 353 353 354 355 356 356 356 356 357 357 358 358 357 356 355 355 354 356 355 354 352 352 350 350 350 351 350 350 350 350 349 349 348 347 347 345 344 344 344 344 343 343 342 342 342 343 343 343 343 343 342 341 341 340 340 340 340 340
345 348 350 352 353 354 351 353 352 349 349 349 351 351 352 353 355 355 356 356 355 355 354 354 354 353 353 352 351 350 351 352 353 354 354 355 355 356 357 357 358 357 358 358 358 358 357 357 355 355 356 355 354 353 351 350 351 351 351 351 349 350 349 350 349 347 346 346 345 344 344 344 343 343 343 342 342 342 342 342 343 343 343 342 342 341 341 340 340 340 340
350 350 351 353 352 353 353 353 354 348 350 351 351 353 353 354 355 356 357 357 355 355 354 353 354 353 353 353 352 351 351 352 352 353 355 356 355 356 356 357 358 359 358 358 358 359 358 358 357 356 356 355 353 352 351 350 351 351 350 350 349 349 349 349 349 346 346 346 345 345 344 344 344 343 342 342 342 342 342 342 343 343 343 342 341 341 340 340 340 340 340
349 351 352 350 349 352 351 353 354 353 354 352 352 353 354 355 356 356 357 357 356 355 355 354 353 352 351 352 352 352 353 353 354 354 354 356 356 357 357 358 359 359 360 360 360 359 358 357 356 355 355 355 354 353 352 350 349 350 350 350 349 348 348 348 348 347 346 346 345 345 344 344 343 343 342 342 341 341 341 341 342 342 342 342 341 341 340 340 340 339 339
351 350 349 347 347 346 348 351 351 352 352 354 354 355 355 355 356 356 356 357 356 355 355 354 353 351 352 352 352 352 352 353 354 355 356 356 357 358 358 360 360 360 360 360 359 358 357 357 355 355 355 355 354 352 351 350 349 349 349 348 349 347 347 347 347 348 347 346 345 345 344 343 343 342 342 342 341 341 341 341 341 341 342 341 341 340 341 340 340 339 339
349 348 345 345 345 347 349 349 349 351 352 356 356 356 357 356 357 356 355 357 356 355 355 354 352 352 352 351 352 352 353 354 354 354 355 356 357 358 359 359 359 359 359 359 359 360 358 357 357 356 355 355 354 352 351 349 348 348 348 348 348 348 348 347 347 347 347 346 345 344 344 344 343 342 342 341 341 341 341 341 341 341 342 342 341 340 340 340 340 339 339
346 345 344 345 347 347 346 347 348 351 353 354 355 356 357 358 357 358 357 357 356 356 355 354 352 352 351 351 351 352 352 353 354 354 355 356 357 358 357 358 358 358 359 361 362 361 360 359 357 357 356 355 354 352 350 349 349 349 348 348 347 347 347 346 346 346 345 345 345 344 343 343 343 342 342 341 341 341 340 341 341 342 342 342 341 340 340 340 340 339 338
344 344 345 346 345 345 346 348 349 351 352 354 355 356 357 357 357 358 357 357 357 356 354 353 351 352 351 352 351 351 352 352 353 353 354 356 357 356 356 356 358 359 360 361 362 362 361 359 358 358 356 354 353 351 350 349 349 348 348 347 346 346 346 346 345 345 345 345 344 343 343 342 342 342 341 341 341 341 340 341 340 341 341 341 340 340 340 339 339 339 338
342 343 345 346 347 347 347 348 351 352 353 354 354 355 356 355 356 355 355 356 356 356 355 353 352 352 351 352 352 352 353 353 353 353 354 355 355 355 355 357 358 360 361 361 361 361 359 358 357 357 356 354 353 351 350 349 349 348 348 347 347 345 346 345 344 344 344 344 344 343 342 342 342 341 341 341 340 340 341 341 340 341 341 341 340 340 339 339 338 338 338
343 343 343 345 345 348 348 349 351 352 352 352 354 354 355 355 355 356 356 356 355 356 355 352 353 352 352 352 353 353 353 354 354 354 354 355 355 355 355 358 358 359 361 361 360 359 359 358 357 357 355 354 352 351 350 349 348 348 347 347 345 345 345 344 344 343 343 343 343 342 342 341 341 341 340 340 340 340 340 340 340 341 341 341 340 340 339 338 338 338 337
347 345 346 345 344 347 349 350 351 352 352 352 353 354 355 355 355 355 356 355 356 356 356 355 354 353 353 353 354 354 353 354 355 355 354 355 355 356 356 357 358 358 359 360 359 358 358 357 357 356 355 354 352 351 349 349 348 347 347 346 345 345 344 343 343 342 342 342 342 341 341 341 340 340 340 340 340 340 340 340 340 341 341 341 339 339 339 338 337 337 337
347 347 348 348 347 347 349 350 350 352 353 354 354 354 355 354 355 355 356 356 356 355 355 355 355 353 354 354 354 354 353 354 355 354 353 353 354 356 356 356 358 359 358 358 359 358 356 355 356 356 354 354 352 351 349 348 348 347 346 346 345 344 344 343 342 342 341 341 341 340 340 340 340 340 339 339 338 339 339 339 339 340 340 340 339 338 338 338 337 337 336
348 349 349 349 349 349 348 351 352 353 354 354 356 354 354 355 355 356 356 355 354 355 354 354 352 353 354 354 355 355 355 356 356 354 353 354 355 356 357 356 356 358 358 358 358 358 356 355 355 355 354 353 352 350 349 348 348 347 346 345 345 344 343 342 341 340 340 340 341 341 339 339 339 338 338 338 338 338 338 338 339 339 339 339 339 338 338 337 337 336 336
347 346 346 345 347 349 351 351 353 352 353 354 355 356 356 355 356 355 355 354 353 354 354 352 353 353 353 354 354 354 355 356 356 355 354 354 354 355 356 356 356 356 357 357 357 357 356 355 354 353 353 352 351 350 349 348 347 347 346 345 344 343 342 341 340 339 339 339 340 340 339 338 337 337 337 337 337 337 337 338 338 337 338 338 338 337 337 336 336 336 335
350 347 347 347 348 349 352 353 353 354 353 354 355 355 357 356 356 355 354 353 352 354 353 352 353 353 353 353 353 354 354 355 355 356 356 356 355 354 355 356 355 354 354 355 354 354 354 355 354 353 353 351 351 349 348 347 347 346 345 344 343 342 341 340 339 339 338 338 338 338 338 337 336 336 336 336 336 336 336 337 337 337 337 337 337 336 336 336 335 335 334
349 351 350 347 348 350 353 354 354 355 355 354 355 355 356 358 357 356 354 353 353 353 353 353 353 353 354 354 354 355 354 354 354 355 356 357 356 354 354 355 355 354 353 354 354 353 353 353 352 352 351 351 350 349 347 346 345 345 344 343 342 341 340 339 338 338 337 336 337 336 336 336 336 335 335 336 335 335 335 335 335 336 336 336 336 335 335 335 335 334 333
346 349 349 349 351 353 354 354 355 355 356 356 356 357 357 357 358 356 353 353 354 354 354 354 354 354 354 354 354 353 352 352 353 354 355 356 356 355 354 354 355 354 353 352 353 353 352 352 351 351 350 350 349 349 347 346 345 345 344 343 342 341 340 339 337 336 336 335 335 335 335 335 335 335 335 334 334 334 334 334 335 335 335 335 335 335 334 334 334 333 333
346 348 352 351 353 355 355 354 356 355 357 358 357 358 358 358 358 355 354 355 354 354 355 355 354 353 353 354 353 352 353 353 353 353 353 354 355 355 354 353 354 354 353 352 352 352 352 351 351 349 349 348 349 348 347 346 345 344 344 343 342 340 339 338 336 335 334 334 334 334 334 334 334 334 334 334 334 333 333 333 333 333 334 335 334 334 334 333 333 332 332
348 350 352 354 354 354 355 356 357 357 358 358 358 358 359 359 358 356 356 356 355 355 355 355 355 354 354 353 352 353 353 353 353 354 353 352 353 353 354 354 355 355 353 352 352 352 352 351 350 349 349 348 348 348 346 346 345 344 343 342 341 340 339 337 336 334 333 332 333 333 334 334 334 334 333 333 333 333 332 333 332 332 332 -9999 -9999 333 332 332 332 331 331
350 351 354 355 354 355 355 354 354 355 356 358 359 360 360 360 358 357 356 357 356 355 355 355 355 355 353 352 352 352 353 353 353 354 352 352 352 352 353 353 353 353 353 352 352 352 351 351 349 349 348 349 348 347 346 346 345 344 343 342 341 340 339 337 335 333 331 331 331 332 334 334 334 333 332 332 332 332 332 332 332 331 -9999 -9999 -9999 332 331 331 330 331 330
352 352 353 354 355 355 355 355 355 355 355 357 359 359 360 360 358 358 356 356 356 356 356 355 355 355 352 351 352 352 353 353 353 353 353 352 351 351 352 353 352 352 353 353 352 351 351 350 349 349 348 348 347 347 346 345 345 344 343 342 341 340 339 337 335 333 331 331 331 332 333 333 333 332 332 332 331 331 331 -9999 331 -9999 -9999 -9999 -9999 331 330 330 329 329 329
350 351 353 354 355 355 355 356 356 356 356 356 357 358 358 359 359 358 356 356 356 356 356 356 355 354 352 352 352 352 352 353 352 353 353 351 352 351 351 351 351 351 351 352 351 351 350 349 349 348 348 348 347 346 345 345 344 343 343 342 341 340 339 337 335 333 332 331 331 332 332 332 332 332 331 331 331 330 330 -9999 -9999 -9999 -9999 -9999 329 329 329 329 328 328 328
352 353 354 354 355 356 356 356 356 356 357 357 357 357 358 358 359 358 357 356 356 356 357 356 354 352 353 353 353 353 352 352 352 353 352 351 351 351 351 351 351 351 351 351 350 350 349 349 348 348 348 347 346 346 345 344 343 342 342 341 341 340 339 337 336 334 332 332 331 331 331 331 331 331 330 330 330 329 -9999 -9999 -9999 -9999 -9999 327 327 327 328 328 328 327 327
353 353 354 354 354 354 356 356 356 357 357 358 358 358 358 358 357 358 358 357 356 356 357 355 352 352 352 352 352 353 352 352 352 352 353 351 351 350 350 350 350 350 350 350 350 350 349 348 348 348 347 347 346 345 344 343 343 342 342 341 340 340 339 337 336 334 333 332 331 331 331 331 330 330 330 329 329 329 328 327 -9999 -9999 -9999 327 326 -9999 -9999 326 326 326 326
353 354 355 355 355 355 356 355 354 354 354 356 357 357 358 357 358 358 358 358 357 356 357 355 351 352 352 352 352 352 353 351 351 351 352 351 350 351 351 350 350 350 350 350 350 350 348 348 348 348 347 347 345 344 344 343 343 342 341 341 340 340 339 337 336 334 333 332 331 331 330 330 330 329 329 329 328 328 327 327 327 -9999 -9999 -9999 -9999 325 325 325 326 326 -9999
355 355 356 355 356 355 354 353 353 355 355 357 358 357 357 357 357 357 357 357 357 357 357 354 353 353 353 353 353 352 352 352 351 351 352 351 350 350 350 350 350 350 349 349 349 349 348 348 347 347 347 346 345 344 343 343 342 342 341 340 340 339 338 337 336 334 333 332 331 331 330 329 329 329 329 328 327 327 326 326 325 -9999 -9999 -9999 324 324 325 -9999 -9999 -9999 -9999
